  0.10000000149011612       -15.300000190734863        1.0399999618530273     
   1.3300000429153442       0.31999999284744263       0.59399998188018799     
   2.5499999523162842        2.4500000476837158       0.98299998044967651     
   3.7799999713897705        2.7500000000000000       0.99800002574920654     
   5.0000000000000000        2.2699999809265137        1.1100000143051147     
   6.2199997901916504        1.3500000238418579       0.39800000190734863     
   7.4499998092651367       0.15700000524520874       0.53500002622604370     
   8.6800003051757812       -1.2300000190734863       0.96799999475479126     
   9.8999996185302734       -2.7500000000000000       0.47799998521804810     


  0.10000000149011612       -15.305770461773118       -14.466931256499587       -15.709541877375852       -15.316042201610232       -16.144609667046655       -14.901999046170387       -15.295498721936005     
  0.25312499550636858       -9.1191475854843311       -8.6186416153857071       -9.5229190010870646       -9.1451479260980157       -9.6196535555829570       -8.7153761698815995       -9.0931472448706483     
  0.40624998952262104       -6.1176671294847171       -5.7895076627029400       -6.5214385450874488       -6.1593960708749709       -6.4458265962664942       -5.7138957138819837       -6.0759381880944616     
  0.55937498353887349       -4.1873938494685543       -3.9757572665787042       -4.5911652650712877       -4.2448513916353798       -4.3990304323584049       -3.7836224338658218       -4.1299363073017297     
  0.71249997755512595       -2.8016341988895590       -2.6781443628540207       -3.2054056144922916       -2.8748203418329545       -2.9251240349250978       -2.3978627832868264       -2.7284480559461635     
  0.86562497157137841       -1.7464487507504902       -1.6938785099197600       -2.1502201663532228       -1.8353634944704562       -1.7990189915812207       -1.3426773351477574       -1.6575340070305240     
   1.0187499655876309      -0.91351054885883753      -0.92027797401239653       -1.3172819644615703       -1.0181538933553744      -0.90674312370527854      -0.50973913325610476      -0.80886720436230086     
   1.1718749596038833      -0.24031765241142189      -0.29809796629238683      -0.64408906801415444      -0.36068959768452924      -0.18253733853045651       0.16345376319131111      -0.11994570713831454     
   1.3249999536201358       0.31248749074761495       0.20996803263392705       -9.1283924855118048E-002  0.17638694469793714       0.41500694886130240       0.71625890635034750       0.44858803679729276     
   1.4781249476363882       0.77129967086192952       0.62893930623765915       0.36752825525919697       0.61947052403568126       0.91366003548619990        1.1750710864646621       0.92312881768817823     
   1.6312499416526407        1.1546844321893301       0.97641389603737050       0.75091301658659670       0.98712668458651143        1.3329549683412898        1.5584558477920627        1.3222421797921493     
   1.7843749356688932        1.4761977671218149        1.2652413535262461        1.0724263515190824        1.2929114187424258        1.6871541807173838        1.8799691827245475        1.6594841155012046     
   1.9374999296851456        1.7460406238913202        1.5050910268268871        1.3422692082885876        1.5470256747353606        1.9869902209557542        2.1498120394940528        1.9450555730472803     
   2.0906249237013981        1.9720821644613107        1.7034219937355752        1.5683107488585781        1.7573386145287806        2.2407423351870461        2.3758535800640441        2.1868257143938417     
   2.2437499177176505        2.1605204044860518        1.8661092738747840        1.7567489888833192        1.9300482537769517        2.4549315350973204        2.5642918200887843        2.3909925551951536     
   2.3968749117339030        2.3163242849104675        1.9978628626983346        1.9125528693077349        2.0701235334247965        2.6347857071226004        2.7200957005132000        2.5625250363961403     
   2.5499999057501554        2.4435385898835920        2.1025167592746064        2.0397671742808594        2.1816092376213501        2.7845604204925793        2.8473100054863245        2.7054679421458339     
   2.7031248997664079        2.5454998038491352        2.1832335744568558        2.1417283882464027        2.2678418508103224        2.9077660332414164        2.9492712194518687        2.8231577568879480     
   2.8562498937826604        2.6249924079752329        2.2426526822663408        2.2212209923725004        2.3316058541598501        3.0073321336841268        3.0287638235779664        2.9183789617906166     
   3.0093748877989128        2.6843643099726480        2.2829996343379593        2.2805928943699145        2.3752491553806943        3.0857289856073384        3.0881357255753814        2.9934794645646017     
   3.1624998818151653        2.7256135949853970        2.3061683899779268        2.3218421793826636        2.4007698396168724        3.1450587999928690        3.1293850105881287        3.0504573503539216     
   3.3156248758314177        2.7504547447519370        2.3137840844581836        2.3466833291492035        2.4098823886068423        3.1871254050456903        3.1542261603546686        3.0910271008970325     
   3.4687498698476702        2.7603698936401777        2.3072516139552413        2.3565984780374443        2.4040689367185122        3.2134881733251159        3.1641413092429094        3.1166708505618432     
   3.6218748638639227        2.7566490040715417        2.2877937173198601        2.3528775884688082        2.3846194463733061        3.2255042908232250        3.1604204196742733        3.1286785617697781     
   3.7749998578801751        2.7404217171030982        2.2564811668357567        2.3366503015003648        2.3526635586282918        3.2243622673704415        3.1441931327058299        3.1281798755779056     
   3.9281248518964276        2.7126828660678699        2.2142569522723372        2.3089114504651365        2.3091961068164935        3.2111087798634044        3.1164542816706016        3.1161696253192472     
   4.0812498459126800        2.6743131084969978        2.1619558376193613        2.2705416928942643        2.2550977484690513        3.1866703793746378        3.0780845240997294        3.0935284685249460     
   4.2343748399289325        2.6260957560009697        2.1003203139157023        2.2223243403982362        2.1911517951964505        3.1518711980862371        3.0298671716037013        3.0610397168054870     
   4.3874998339451849        2.5687306130752781        2.0300137168759331        2.1649591974725446        2.1180580514941898        3.1074475092746248        2.9725020286780097        3.0194031746563681     
   4.5406248279614374        2.5028454408984206        1.9516310932775376        2.0990740252956872        2.0364442785407615        3.0540597885193055        2.9066168565011523        2.9692466032560798     
   4.6937498219776899        2.4290055190510760        1.8657082643920226        2.0252341034483425        1.9468757559168477        2.9923027737101311        2.8327769346538076        2.9111352821853060     
   4.8468748159939423        2.3477216717369380        1.7727294339367905        1.9439502561342046        1.8498633078261371        2.9227139095370855        2.7514930873396697        2.8455800356477390     
   4.9999998100101948        2.2594570452197189        1.6731336123208465        1.8556856296169855        1.7458700805323488        2.8457804781185896        2.6632284608224506        2.7730440099070908     
   5.1531248040264472        2.1646328626121623        1.5673200715355602        1.7608614470094288        1.6353172971482213        2.7619456536887661        2.5684042782148939        2.6939484280761032     
   5.3062497980426997        2.0636333357744547        1.4556530010802273        1.6598619201717213        1.5185891695339446        2.6716136704686839        2.4674047513771864        2.6086775020149684     
   5.4593747920589522        1.9568098782629857        1.3384655013622311        1.5530384626602523        1.3960371112459029        2.5751542551637421        2.3605812938657174        2.5175826452800685     
   5.6124997860752046        1.8444847353844924        1.2160630245788440        1.4407133197817590        1.2679833675908405        2.4729064461901427        2.2482561509872241        2.4209861031781479     
   5.7656247800914571        1.7269541255330942        1.0887263523503581        1.3231827099303608        1.1347241569628714        2.3651818987158340        2.1307255411358259        2.3191840941033188     
   5.9187497741077095        1.6044909697000147       0.95671418298736910        1.2007195540972813       0.99653240035322099        2.2522677564126621        2.0082623853027464        2.2124495390468084     
   6.0718747681239620        1.4773472722924534       0.82026538823848938        1.0735758566897200       0.85366010216908883        2.1344291563464193        1.8811186878951851        2.1010344424158198     
   6.2249997621402144        1.3457562053862819       0.67960098892676513       0.94198478978354849       0.70634043448634642        2.0119114218458023        1.7495276209890136        1.9851719762862174     
   6.3781247561564669        1.2099339396671933       0.53492589047533023       0.80616252406445987       0.55478956799068868        1.8849419888590564        1.6137053552699250        1.8650783113436997     
   6.5312497501727194        1.0700812581290275       0.38643041251138399       0.66630984252629410       0.39920828567595201        1.7537321037466729        1.4738526737317592        1.7409542305821049     
   6.6843747441889718       0.92638498274493131       0.23429164118948798       0.52261356714219787       0.23978340951528487        1.6184783243003746        1.3301563983476630        1.6129865559745795     
   6.8374997382052243       0.77901923953479191        7.8674628332789709E-002  0.37524782393205847        7.6689065528574574E-002   1.4793638507367959        1.1827906551375236        1.4813494135410092     
   6.9906247322214767       0.62814658350968777       -8.0266542246553385E-002  0.22437516790695433       -8.9912191273098685E-002   1.3365597092659325        1.0319179991124194        1.3462053582924778     
   7.1437497262377292       0.47391900171498591      -0.24238780397567794        7.0147586112252469E-002 -0.25986837384437145        1.1902258074056515       0.87769041731771757        1.2077063772743450     
   7.2968747202539816       0.31647880988780486      -0.40755425759087949       -8.7292605714928584E-002 -0.43303716644812340        1.0405118773664910       0.72025022549053652        1.0659947862237349     
   7.4499997142702341       0.15595945598834859      -0.57563940948057457      -0.24781195961438485      -0.60928512112415056       0.88755832145727176       0.55973087159108026       0.92120403310084953     
   7.6031247082864866       -7.5137580242845559E-003 -0.74652448752324752      -0.41128517362701800      -0.78848693591335284       0.73149697147468018       0.39625765757844711       0.77345941986478728     
   7.7562497023027390      -0.17382302638865887      -0.92009782514709748      -0.57759444199139232      -0.97052480505429806       0.57245177236978151       0.22994838921407279       0.62287875227698208     
   7.9093746963189915      -0.34285745326594430       -1.0962543056074274      -0.74662886886867774       -1.1552878327081562       0.41053939907553882        6.0913962336787364E-002  0.46957292617626756     
   8.0624996903352439      -0.51451252268287995       -1.2748948595523597      -0.91828393828561339       -1.3426715029016609       0.24586981418660159      -0.11074110708014828       0.31364645753590104     
   8.2156246843514964      -0.68868961834538744       -1.4559260098603293       -1.0924610339481209       -1.5325771993407376        7.8546773169552608E-002 -0.28491820274265578       0.15519796264996621     
   8.3687496783677489      -0.86529558779614035       -1.6392594585106099       -1.2690670033988738       -1.7249117695680631       -9.1331717081672537E-002 -0.46152417219340691       -5.6794060242157940E-003
   8.5218746723840013       -1.0442423460910621       -1.8248117109133588       -1.4480137616937956       -1.9195871286395541      -0.26367298126876193      -0.64047093048833048      -0.16889756354256669     
   8.6749996664002538       -1.2254465147712139       -2.0125037336956932       -1.6292179303739474       -2.1165198980962785      -0.43838929584673281      -0.82167509916848047      -0.33437313144614933     
   8.8281246604165062       -1.4088290924240994       -2.2022606424309643       -1.8126005080268310       -2.3156310765257331      -0.61539754241723088       -1.0050576768213659      -0.50202710832246211     
   8.9812496544327587       -1.5943151535744455       -2.3940114162211934       -1.9980865691771772       -2.5168457384526484      -0.79461889092769411       -1.1905437379717121      -0.67178456869623915     
   9.1343746484490111       -1.7818335730305463       -2.5876886364085010       -2.1856049886332798       -2.7200927586853219      -0.97597850965258814       -1.3780621574278129      -0.84357438737577084     
   9.2874996424652636       -1.9713167731465475       -2.7832282470082674       -2.3750881887492774       -2.9253045595778921       -1.1594052992848241       -1.5675453575438141       -1.0173289867152029     
   9.4406246364815161       -2.1627004917519912       -2.9805693347325146       -2.5664719073547211       -3.1324168789599049       -1.3448316487714607       -1.7589290761492578       -1.1929841045440703     
   9.5937496304977685       -2.3559235687531377       -3.1796539267120476       -2.7596949843558711       -3.3413685567376241       -1.5321932107942295       -1.9521521531504042       -1.3704785807686477     
   9.7468746245140210       -2.5509277496318958       -3.3804268042355829       -2.9546991652346257       -3.5521013383929514       -1.7214286950282087       -2.1471563340291624       -1.5497541608708367     
   9.8999996185302734       -2.7476575042616211       -3.5828353310075975       -3.1514289198643510       -3.7645596937992494       -1.9124796775156447       -2.3438860886588877       -1.7307553147239929     
