  0.10000000149011612       -15.300000190734863        1.0399999618530273     
   1.3300000429153442       0.31999999284744263       0.59399998188018799     
   2.5499999523162842        2.4500000476837158       0.98299998044967651     
   3.7799999713897705        2.7500000000000000       0.99800002574920654     
   5.0000000000000000        2.2699999809265137        1.1100000143051147     
   6.2199997901916504        1.3500000238418579       0.39800000190734863     
   7.4499998092651367       0.15700000524520874       0.53500002622604370     
   8.6800003051757812       -1.2300000190734863       0.96799999475479126     
   9.8999996185302734       -2.7500000000000000       0.47799998521804810     


  0.10000000149011612       -15.305770461458307       -14.334910938455877       -15.803946841013738       -15.320199548454589       -16.276629984460744       -14.807594081902876       -15.291341374462025     
  0.25312499550636858       -9.1191475852796451       -8.5398697161302533       -9.6173239648350766       -9.1556712105463482       -9.6984254544290351       -8.6209712057242136       -9.0826239600129401     
  0.40624998952262104       -6.1176671293231264       -5.7378604376645042       -6.6158435088785588       -6.1762852928602534       -6.4974738209817486       -5.6194907497676949       -6.0590489657860003     
  0.55937498353887349       -4.1873938493275222       -3.9424489413849990       -4.6855702288829537       -4.2681065511350704       -4.4323387572700454       -3.6892174697720899       -4.1066811475199732     
  0.71249997755512595       -2.8016341987576254       -2.6587089723788502       -3.2998105783130569       -2.9044414388355961       -2.9445594251364007       -2.3034578192021935       -2.6988269586796543     
  0.86562497157137841       -1.7464487506206989       -1.6856047669153797       -2.2446251301761304       -1.8713505289690917       -1.8072927343260177       -1.2482723710652672       -1.6215469722723057     
   1.0187499655876309      -0.91351054872651161      -0.92134306193671200       -1.4116869282819433       -1.0605068653453273      -0.90567803551631121      -0.41533416917108013      -0.76651423210769654     
   1.1718749596038833      -0.24031765227320001      -0.30719169394977186      -0.73849403182863171      -0.40940850716243782      -0.17344361059662861       0.25785872728223147       -7.1226797383962648E-002
   1.3249999536201358       0.31248749089426520       0.19383305560202491      -0.18568888866116673       0.12130209773460576       0.43114192618650549       0.81066387044969668       0.50367288405392507     
   1.4781249476363882       0.77129967101898744       0.60653398669632574       0.27312329146355596       0.55801973958890549       0.93606535534164870        1.2694760505744189       0.98457960244906939     
   1.6312499416526407        1.1546844323583820       0.94835687088318688       0.65650805280295010       0.91930996265787801        1.3610119938335772        1.6528608119138135        1.3900589020588865     
   1.7843749356688932        1.4761977673041633        1.2320400767835915       0.97802138774873093        1.2187287593332368        1.7203554578247351        1.9743741468595948        1.7336667752750898     
   1.9374999296851456        1.7460406240880522        1.4671692868842507        1.2478642445326198        1.4664770778467036        2.0249119612918527        2.2442170036434836        2.0256041703294012     
   2.0906249237013981        1.9720821646733473        1.6611390380755795        1.4739057851179149        1.6704240801615766        2.2830252912711151        2.4702585442287788        2.2737402491851189     
   2.2437499177176505        2.1605204047141857        1.8197735153998549        1.6623440251587533        1.8367677819319921        2.5012672940285174        2.6586967842696172        2.4842730274963785     
   2.3968749117339030        2.3163242851553845        1.9477419602952493        1.8181479055999521        1.9704771241027688        2.6849066100155188        2.8145006647108159        2.6621714462080002     
   2.5499999057501554        2.4435385901458933        2.0488451975182853        1.9453622105904609        2.0755968908228555        2.8382319827735003        2.9417149697013238        2.8114802894689310     
   2.7031248997664079        2.5454998041293520        2.1262184729080840        2.0473234245739196        2.1554635665358921        2.9647811353506199        3.0436761836847825        2.9355360417228127     
   2.8562498937826604        2.6249924082738385        2.1824783228650952        2.1268160287184070        2.2128616324099557        3.0675064936825844        3.1231687878292700        3.0371231841377204     
   3.0093748877989128        2.6843643102900652        2.2198310420701395        2.1861879307346337        2.2501389961557603        3.1488975785099926        3.1825406898454967        3.1185896244243692     
   3.1624998818151653        2.7256135953220078        2.2401542020328957        2.2274372157665763        2.2692937429172808        3.2110729886111216        3.2237899748774392        3.1819334477267347     
   3.3156248758314177        2.7504547451080859        2.2450588762732400        2.2522783655526544        2.2720403544329368        3.2558506139429335        3.2486311246635173        3.2288691357832349     
   3.4687498698476702        2.7603698940161818        2.2359378048708605        2.2621935144607503        2.2598609650706099        3.2848019831615032        3.2585462735716133        3.2608788229617529     
   3.6218748638639227        2.7566490044676861        2.2140031467261245        2.2584726249122546        2.2340455372516921        3.2992948622092477        3.2548253840231176        3.2792524716836793     
   3.7749998578801751        2.7404217175196441        2.1803164090882410        2.2422453379642127        2.1957237120332280        3.3005270259510491        3.2385980970750756        3.2851197230060603     
   3.9281248518964276        2.7126828665050624        2.1358124223514778        2.2145064869496309        2.1458903227482242        3.2895533106586452        3.2108592460604939        3.2794754102619006     
   4.0812498459126800        2.6743131089550598        2.0813187275719347        2.1761367293996283        2.0854260269277987        3.2673074903381849        3.1724894885104913        3.2632001909823192     
   4.2343748399289325        2.6260957564801046        2.0175713912618125        2.1279193769246731        2.0151141361824223        3.2346201216983985        3.1242721360355361        3.2370773767777878     
   4.3874998339451849        2.5687306135756849        1.9452280095135634        2.0705542340202534        1.9356544550075796        3.1922332176378045        3.0669069931311164        3.2018067721437902     
   4.5406248279614374        2.5028454414202752        1.8648784803638936        2.0046690618648437        1.8476747445817470        3.1408124024766586        3.0010218209757067        3.1580161382588017     
   4.6937498219776899        2.4290055195945452        1.7770539888020167        1.9308291400391138        1.7517402844855958        3.0809570503870756        2.9271818991499767        3.1062707547034947     
   4.8468748159939423        2.3477216723021801        1.6822345488924935        1.8495452927467486        1.6483618989228077        3.0132087957118667        2.8458980518576116        3.0470814456815507     
   4.9999998100101948        2.2594570458068794        1.5808553724340584        1.7612806662514480        1.5380027341570859        2.9380587191796987        2.7576334253623109        2.9809113574566730     
   5.1531248040264472        2.1646328632213798        1.4733122766510576        1.6664564836659483        1.4210840133011633        2.8559534497917021        2.6628092427768113        2.9081817131415963     
   5.3062497980426997        2.0636333364058608        1.3599662998328377        1.5654569568504293        1.2979899482152213        2.7673003729788839        2.5618097159612923        2.8292767245964985     
   5.4593747920589522        1.9568098789167010        1.2411476601803386        1.4586334993612695        1.1690719524556421        2.6724720976530616        2.4549862584721325        2.7445478053777617     
   5.6124997860752046        1.8444847360606325        1.1171591669151173        1.3463083565052010        1.0346522713291506        2.5718103052061476        2.3426611156160639        2.6543172007921143     
   5.7656247800914571        1.7269541262317709       0.98827917214799754        1.2287777466763394       0.89502712322986611        2.4656290803155443        2.2251305057872024        2.5588811292336757     
   5.9187497741077095        1.6044909704213257       0.85476413575959675        1.1063145908658942       0.75046942914899972        2.3542178050830564        2.1026673499767572        2.4585125116936535     
   6.0718747681239620        1.4773472730365036       0.71685086262117359       0.97917089348107211       0.60123119349375465        2.2378436834518354        1.9755236525919351        2.3534633525792525     
   6.2249997621402144        1.3457562061531618       0.57475846113649176       0.84757982659773035       0.44754558833999170        2.1167539511698319        1.8439325857085933        2.2439668239663337     
   6.3781247561564669        1.2099339404569935       0.42869006375059016       0.71175756090156206       0.28962878437340045        1.9911778171633969        1.7081103200124250        2.1302390965405866     
   6.5312497501727194        1.0700812589418334       0.27883434331856805       0.57190487938640189       0.12768156458781732        1.8613281745650987        1.5682576384972648        2.0124809532958494     
   6.6843747441889718       0.92638498358082089       0.12536685372770862       0.42820860402538941       -3.8109249043616344E-002   1.7274031134339332        1.4245613631362524        1.8908792162052599     
   6.8374997382052243       0.77901924039384518       -3.1548781337066956E-002  0.28084286083841370      -0.20756953050101501        1.5895872621247591        1.2771956199492767        1.7656080112887054     
   6.9906247322214767       0.62814658439197757      -0.19175981129930975       0.12997020483654609      -0.38053672477330380        1.4480529800832667        1.1263229639474091        1.6368298935572607     
   7.1437497262377292       0.47391900262058329      -0.35512341614603038       -2.4257376934848196E-002 -0.55685884481512105        1.3029614213871952       0.97209538217601477        1.5046968500562876     
   7.2968747202539816       0.31647881081677731      -0.52150586385174513      -0.18169756873865417      -0.73639357488934998        1.1544634854852998       0.81465519037220879        1.3693511965229046     
   7.4499997142702341       0.15595945694075830      -0.69078175531179298      -0.34221692261467318      -0.91900746703579017        1.0027006691933114       0.65413583649618978        1.2309263809173085     
   7.6031247082864866       -7.5137570483700955E-003 -0.86283334610010520      -0.50569013660380158       -1.1045752192953433       0.84780583200336324       0.49066262250706139        1.0895477051986013     
   7.7562497023027390      -0.17382302538918282       -1.0375499358583902      -0.67199940494461430       -1.2929790259065772       0.68990388508002276       0.32435335416624866       0.94533297512820980     
   7.9093746963189915      -0.34285745224285336       -1.2148273173819923      -0.84103383179828484       -1.4841079910306707       0.52911241289628386       0.15531892731257813       0.79839308654496399     
   8.0624996903352439      -0.51451252163611549       -1.3945672785330032       -1.0126889011915470       -1.6778575986943540       0.36554223526077223       -1.6336142080685789E-002  0.64883255542212304     
   8.2156246843514964      -0.68868961727489442       -1.5766771510161295       -1.1868659968303259       -1.8741292326035559       0.19929791646633888      -0.19051323771946471       0.49674999805376707     
   8.3687496783677489      -0.86529558670186724       -1.7610694008238958       -1.3634719662572987       -2.0728297403009517        3.0478227420161375E-002 -0.36711920714643753       0.34223856689721366     
   8.5218746723840013       -1.0442423449729628       -1.9476612558172306       -1.5424187245283942       -2.2738710368424702      -0.14082343412869491      -0.54606596541753305       0.18538634689654110     
   8.6749996664002538       -1.2254465136292438       -2.1363743664725909       -1.7236228931846735       -2.4771697437691707      -0.31451866078589319      -0.72727013407381236        2.6276716510682974E-002
   8.8281246604165062       -1.4088290912582053       -2.3271344963132279       -1.9070054708136350       -2.6826468596685515      -0.49052368620318276      -0.91065271170277384      -0.13501132284785555     
   8.9812496544327587       -1.5943151523845849       -2.5198712389612474       -2.0924915319400146       -2.8902274590653576      -0.66875906580791877       -1.0961387728291534      -0.29840284570381215     
   9.1343746484490111       -1.7818335718166800       -2.7145177591098779       -2.2800099513721097       -3.0998404167678721      -0.84914938452348210       -1.2836571922612485      -0.46382672686548432     
   9.2874996424652636       -1.9713167719086329       -2.9110105550295042       -2.4694931514640643       -3.3114181551302480       -1.0316229887877597       -1.4731403923532014      -0.63121538868701421     
   9.4406246364815161       -2.1627004904899820       -3.1092892404944603       -2.6608768700454135       -3.5248964119820201       -1.2161117404855020       -1.6645241109345505      -0.80050456899794398     
   9.5937496304977685       -2.3559235674670056       -3.3092963442554115       -2.8540999470224371       -3.7402140272294666       -1.4025507906785997       -1.8577471879115741      -0.97163310770454459     
   9.7468746245140210       -2.5509277483215982       -3.5109771253901130       -3.0491041278770297       -3.9573127463544786       -1.5908783712530834       -2.0527513687661667       -1.1445427502887142     
   9.8999996185302734       -2.7476575029271224       -3.7142794030473034       -3.2458338824825539       -4.1761370392304293       -1.7810356028069414       -2.2494811233716909       -1.3191779666238190     
