   0.00000000       0.00000000       1.00000000    
  0.118909664      0.118629627      0.992938578    
  0.254983157      0.252229065      0.967667580    
  0.388783127      0.379062563      0.925371051    
  0.522865117      0.499364406      0.866392076    
  0.656911790      0.610674202      0.791881919    
  0.790962934      0.711030602      0.703161061    
  0.925013483      0.798628747      0.601823926    
   1.05906415      0.871897459      0.489688456    
   1.19311476      0.929521978      0.368766636    
   1.32716537      0.970468402      0.241228163    
   1.46121597      0.994002044      0.109361425    
   1.59526658      0.999700606      -2.44675595E-02
   1.72931719      0.987461865     -0.157857522    
   1.86336780      0.957505465     -0.288415104    
   1.99741840      0.910368800     -0.413797766    
   2.13146901      0.846897721     -0.531755745    
   2.26551962      0.768231034     -0.640172660    
   2.39957023      0.675780237     -0.737103105    
   2.53362083      0.571204126     -0.820807993    
   2.66767168      0.456379086     -0.889785409    
   2.80172229      0.333365411     -0.942797661    
   2.93577290      0.204370230     -0.978893638    
   3.06982350       7.17081279E-02 -0.997425616    
   3.20387411      -6.22406155E-02 -0.998061121    
   3.33792472     -0.195072591     -0.980788767    
   3.47197533     -0.324404448     -0.945918441    
   3.60602593     -0.447915614     -0.894075811    
   3.74007654     -0.563390017     -0.826191068    
   3.87412715     -0.668755651     -0.743482232    
   4.00817776     -0.762122035     -0.647433341    
   4.14222860     -0.841813922     -0.539767802    
   4.27627897     -0.906401396     -0.422417343    
   4.41032982     -0.954725623     -0.297487617    
   4.54438019     -0.985919535     -0.167220160    
   4.67843103     -0.999423385      -3.39523256E-02
   4.81248140     -0.994994938       9.99246985E-02
   4.94653225     -0.972713649      0.232008815    
   5.08058262     -0.932979226      0.359930068    
   5.21463346     -0.876504719      0.481393218    
   5.34868383     -0.804303348      0.594218850    
   5.48273468     -0.717670619      0.696382642    
   5.61678505     -0.618160963      0.786051512    
   5.75083590     -0.507559836      0.861616433    
   5.88488674     -0.387851745      0.921721697    
   6.01893711     -0.261184573      0.965288818    
   6.15298796     -0.129831031      0.991536081    
   6.28703833       3.85201070E-03  0.999992549    
   6.42108917      0.137465939      0.990506411    
   6.55513954      0.268613368      0.963248014    
   6.68919039      0.394941151      0.918706357    
   6.82324076      0.514182627      0.857680619    
   6.95729160      0.624198318      0.781265855    
   7.00000000      0.656985700      0.753902972    
