          10   1.6086929599012201     
          20   1.0250287002446246     
          30   1.0031408290425319     
          40  0.99559685012035359     
          50  0.82241149258599644     
          60  0.66106651836064512     
          70  0.79135117743388361     
          80  0.68546200429250004     
          90  0.60512905046868204     
         100  0.58213687527883062     
         110  0.52234237276937234     
         120  0.53375270035877054     
         130  0.53158073858597621     
         140  0.50367345957324006     
         150  0.48435134045819844     
         160  0.43779263897369713     
         170  0.44065403109522583     
         180  0.43593002968820171     
         190  0.43620901061244211     
         200  0.39843391971417519     
         210  0.40725499365175627     
         220  0.39745362549936197     
         230  0.39586760284074252     
         240  0.38056435632251207     
         250  0.36184422536237892     
         260  0.36653070619575212     
         270  0.35631807763060019     
         280  0.34531769320890804     
         290  0.34066430320166963     
         300  0.34736544835725475     
         310  0.35530098318518022     
         320  0.32150902855189156     
         330  0.31374297633324039     
         340  0.32063900412241836     
         350  0.30264284162225968     
         360  0.31019216625591073     
         370  0.32385336574805706     
         380  0.28071483634062566     
         390  0.29727495315853020     
         400  0.30542501684084011     
         410  0.29039636917749290     
         420  0.29967748315810960     
         430  0.28320146018939346     
         440  0.27123828450480914     
         450  0.28427879602294598     
         460  0.26767248422640100     
         470  0.28325062289050074     
         480  0.26713717848912727     
         490  0.27149750986444154     
         500  0.26085210843645901     
         510  0.25759921492221466     
         520  0.25735754934518146     
         530  0.23764482013680974     
         540  0.25891294513780516     
         550  0.24351687460359717     
         560  0.24562508639138711     
         570  0.24844999626570088     
         580  0.24803187771417104     
         590  0.23684804600633239     
         600  0.23501859552847112     
         610  0.22570099993361234     
         620  0.24284360740812222     
         630  0.23086950601542328     
         640  0.21863102311073762     
         650  0.23879128324278326     
         660  0.22416034244414851     
         670  0.23203475330202838     
         680  0.22483993211605777     
         690  0.21609636213044911     
         700  0.22162864265171589     
         710  0.21545277781177072     
         720  0.21447772330350928     
         730  0.21911071039408506     
         740  0.21654990451861281     
         750  0.21191703588703187     
         760  0.21182831331738880     
         770  0.21177450518173269     
         780  0.20677315506023081     
         790  0.21898229995738014     
         800  0.20865113131089616     
         810  0.20590061758760850     
         820  0.20290409642905596     
         830  0.20604220709127166     
         840  0.20926043454088838     
         850  0.20138870320898808     
         860  0.19598474652921655     
         870  0.19567927031653715     
         880  0.20019164608410958     
         890  0.19648101701443405     
         900  0.19161367382391931     
         910  0.19449494553745575     
         920  0.19756372033777350     
         930  0.19031703463681399     
         940  0.19325679427321474     
         950  0.19414712913169435     
         960  0.18888860436889254     
         970  0.18976454783979252     
         980  0.19155389882031681     
         990  0.18928005726745248     
        1000  0.18390999178966044     
