   1.5000000000000000       0.70230539628310973     
   2.5000000000000000       0.67237712771581415     
   3.5000000000000000       0.62433217196431201     
   4.5000000000000000        1.3312315072098913     
   5.5000000000000000        1.2391303305169581     
   6.5000000000000000        1.7706591617288341     
   7.5000000000000000        1.6542419461309930     
   8.5000000000000000        1.7377736547631455     
   9.5000000000000000        2.0552419905359751     
   10.500000000000000        2.9237867732670364     
   11.500000000000000        2.6762944788490137     
   12.500000000000000        3.1453017414711693     
   13.500000000000000        2.6010493294351811     
   14.500000000000000        3.4012476297991023     
   15.500000000000000        3.2808132564699770     
   16.500000000000000        3.2525616356544220     
   17.500000000000000        4.2827572985769944     
   18.500000000000000        4.0403544012163257     
   19.500000000000000        4.4319806241975117     
   20.500000000000000        4.7224004083745985     


   1.5000000000000000       0.70230539628310973       0.70230539628310973       0.70230539628310973        0.0000000000000000        0.0000000000000000        0.0000000000000000        2.7188253980169472        4.8684844135698901E-002
   1.6000000014901161       0.69931256938178354       0.94670040265113509       0.70709526765300845        7.0080899327531421E-002   8.2908416779588073E-002   7.0471999574825944E-002   2.1690746565081742        4.6326450684323464E-002
   1.7000000029802322       0.69631974248045747        1.1361203340490909       0.71141346032560349       0.13986251596047058       0.18750758060685405       0.14140333301443206        1.6193239149994016        3.9251270330197166E-002
   1.8000000044703484       0.69332691557913129        1.2705651904769768       0.71478829560359125       0.20934484989881746       0.30829998373903317       0.21272324851316848        1.0695731734906286        2.7459303073319990E-002
   1.9000000059604645       0.69033408867780510        1.3500349719347930       0.71674809478966806       0.27852790114257203       0.43978811843336069       0.28431382639495217       0.51982243198185607        1.0950548913691946E-002
   2.0000000074505806       0.68734126177647892        1.3745296784225398       0.71682117918653021       0.34741166969173443       0.57647447694707199       0.35600997911326693       -2.9928309526916941E-002  -1.0274992148686969E-002
   2.1000000089406967       0.68434843487515284        1.3440493099402162       0.71453587009687425       0.41599615554630442       0.71286155153740238       0.42759945125116311      -0.57967905103568995       -3.6217320113816745E-002
   2.2000000104308128       0.68135560797382666        1.2585938664878236       0.70942048882339626       0.48428135870628225       0.84345183446158700       0.49882281952125812       -1.1294297925444625       -6.6876434981697402E-002
   2.3000000119209290       0.67836278107250048        1.1181633480653610       0.70100335666879288       0.55226727917166774       0.96274781797686138       0.56937349276573601       -1.6791805340532351      -0.10225233675232892     
   2.4000000134110451       0.67536995417117440       0.92275775467282894       0.68881279493576020       0.61995391694246094        1.0652519943404606       0.63889771195634759       -2.2289312755620081      -0.14234502542571131     
   2.5000000149011612       0.67237712699988850       0.67237708631022730       0.67237712492699486       0.68734127201866180        1.1454668558096213       0.70699455019441049       -2.7786818537722144      -0.18715450100184428     
   2.6000000163912773       0.66757263135314571       0.42181526740024083       0.65167823015726056       0.75433876093465391        1.1997213681539298       0.77322725176562668       -2.2325544497542751      -0.22307389934903935     
   2.7000000178813934       0.66276813570640292       0.22586618970584157       0.62851224217855950       0.82085580027881244        1.2316503354981010       0.83724796170774807       -1.6864270457363353      -0.23649636444592759     
   2.8000000193715096       0.65796364005966024        8.4529853227029494E-002  0.60512885434944552       0.88689239005113740        1.2467150322078320       0.89892245535174831       -1.1402996417183957      -0.22742189629250903     
   2.9000000208616257       0.65315914441291745       -2.1937420361953786E-003  0.58377776002847215       0.95244853025162890        1.2503767326488191       0.95834147736780928      -0.59417223770045613      -0.19585049488878373     
   3.0000000223517418       0.64835464876617466       -3.4304596083832850E-002  0.56670865257419334        1.0175242208802868        1.2480967111867591        1.0158207417653198       -4.8044833682516330E-002 -0.14178216023475165     
   3.1000000238418579       0.64355015311943187       -1.1802708915883531E-002  0.55617122534516272        1.0821194619371113        1.2453362421873491        1.0719009318928769       0.49808257033542302       -6.5216892330412723E-002
   3.2000000253319740       0.63874565747268908        6.5311919467653468E-002  0.55441517169993393        1.1462342534221024        1.2475566000162852        1.1273477004382848        1.0442099743533628        3.3845308824232978E-002
   3.3000000268220901       0.63394116182594629       0.19703928906677715       0.56369018499706081        1.2098685953352595        1.2602190590392646        1.1831516694285560        1.5903373783713022       0.15540444322918545     
   3.4000000283122063       0.62913666617920350       0.38337939988148828       0.58624595859509698        1.2730224876765834        1.2887848936219832        1.2405284302299102        2.1364647823892415       0.29946051088444492     
   3.5000000298023224       0.62433219303155385       0.62433225191178254       0.62433218585259609        1.3356959304460740        1.3387153781301364        1.3009185435477750        2.6825919058880734       0.46601351179000816     
   3.6000000312924385       0.69502212760947391       0.87283451902513143       0.67917548887691137        1.4016636474611210        1.4139029999022856        1.3659619634218176        2.2874533623194595       0.62437131801417578     
   3.7000000327825546       0.76571206218739396        1.0818229311928167       0.74791020842937872        1.4747003580392963        1.5119651558615828        1.4372166906424149        1.8923148187508452       0.74384183821308514     
   3.8000000342726707       0.83640199676531402        1.2512974884148380       0.82664761584952573        1.5548060621805997        1.6289504603368212        1.5158774305001497        1.4971762751822313       0.82442507238673646     
   3.9000000357627869       0.90709193134323396        1.3812581906911958       0.91149898247687999        1.6419807598850311        1.7609075276567940        1.6027500154137628        1.1020377316136172       0.86612102053512929     
   4.0000000372529030       0.97778186592115401        1.4717050380218899       0.99857557965096921        1.7362244511525911        1.9038849721502940        1.6982514049301538       0.70689918804500307       0.86892968265826387     
   4.1000000387430191        1.0484718004990741        1.5226380304069207        1.0839886787113209        1.8375371359832791        2.0539314081461142        1.8024096857243801       0.31176064447638918       0.83285105875614018     
   4.2000000402331352        1.1191617350769940        1.5340571678462869        1.1638495509974627        1.9459188143770951        2.2070954499730466        1.9148640715996572       -8.3377899092225150E-002  0.75788514882875813     
   4.3000000417232513        1.1898516696549142        1.5059624503399898        1.2342694678489223        2.0613694863340397        2.3594257119598852        2.0348649034873585      -0.47851644266083904       0.64403195287611803     
   4.4000000432133675        1.2605416042328339        1.4383538778880294        1.2913597006052271        2.1838891518541126        2.5069708084354234        2.1612736494470157      -0.87365498622945292       0.49129147089821967     
   4.5000000447034836        1.3312315030926478        1.3312314504904108        1.3312315206059049        2.3134778109373122        2.6457793537284551        2.2925629046663172       -1.2687932479528972       0.29966370289507105     
   4.6000000461935997        1.3220213852861131        1.2161190459197977        1.3513079144011944        2.4461404573330774        2.7729507650870677        2.4268491814228206       -1.0334548091531925       0.10850008701014099     
   4.7000000476837158        1.3128112674795782        1.1245404855798369        1.3542587223475957        2.5778820919344656        2.8897876281162920        2.5622536386197594      -0.79811637035348815       -4.2848008978868257E-002
   4.8000000491738319        1.3036011496730435        1.0564957694705281        1.3440654964940308        2.7087027147414759        2.9986433273443960        2.6972627951892330      -0.56277793155378353      -0.15438058507195676     
   4.9000000506639481        1.2943910318665088        1.0119848975918713        1.3247097888894217        2.8386023257541084        3.1018712472996506        2.8307613252741679      -0.32743949275407913      -0.22609764126912452     
   5.0000000521540642        1.2851809140599739       0.99100786994386647        1.3001731515826898        2.9675809249723635        3.2018247725103244        2.9620320582283139       -9.2101053954374512E-002 -0.25799917757037127     
   5.1000000536441803        1.2759707962534392       0.99356468652651375        1.2744371366227571        3.0956385123962407        3.3008572875046891        3.0907559786162482       0.14323738484532988      -0.25008519397569751     
   5.2000000551342964        1.2667606784469045        1.0196553473398131        1.2514832960585456        3.2227750880257409        3.4013221768110125        3.2170122262133711       0.37857582364503450      -0.20235569048510282     
   5.3000000566244125        1.2575505606403696        1.0692798523837648        1.2352931819389770        3.3489906518608628        3.5055728249575648        3.3412780960059094       0.61391426244473890      -0.11481066709858734     
   5.4000000581145287        1.2483404428338349        1.1424382016583681        1.2298483463129730        3.4742852039016072        3.6159626164726157        3.4644290381909140       0.84925270124444330        1.2549876183848951E-002
   5.5000000596046448        1.2391303621985452        1.2391303951636174        1.2391303412294556        3.5986587441479756        3.7348449358844333        3.5877386581762636        1.0845909338413613       0.17972593936219261     
   5.6000000610947609        1.2922832461117726        1.3420588683134982        1.2658735084932471        3.7252294264495416        3.8639965780081451        3.7128475397850109       0.97397849848118090       0.34930123797289497     
   5.7000000625848770        1.3454361300249997        1.4339260977625357        1.3078233578535081        3.8571153972216341        4.0028880053739710        3.8414202531326196       0.86336606312100050       0.48385957675963337     
   5.8000000640749931        1.3985890139382271        1.5147320835107299        1.3614781932756626        3.9943166564642536        4.1504130935623795        3.9748023817028133       0.75275362776082011       0.58340095572240780     
   5.9000000655651093        1.4517418978514545        1.5844768255580803        1.4233363187251347        4.1368332041773996        4.3054657181538403        4.1139893393706402       0.64214119240063972       0.64792537486121837     
   6.0000000670552254        1.5048947817646816        1.6431603239045875        1.4898960381673492        4.2846650403610722        4.4669397547288190        4.2596263704024766       0.53152875704045932       0.67743283417606504     
   6.1000000685453415        1.5580476656779090        1.6907825785502513        1.5576556555677297        4.4378121650152718        4.6337290788677867        4.4120085494560168       0.42091632168027882       0.67192333366694756     
   6.2000000700354576        1.6112005495911363        1.7273435894950717        1.6231134748917009        4.5962745781399983        4.8047275661512074        4.5710807815802852       0.31030388632009842       0.63139687333386618     
   6.3000000715255737        1.6643534335043635        1.7528433567390485        1.6827678001046869        4.7600522797352509        4.9788290921595530        4.7364378022156268       0.19969145095991803       0.55585345317682089     
   6.4000000730156898        1.7175063174175906        1.7672818802821821        1.7331169351721123        4.9291452698010305        5.1549275324732884        4.9073241771937131        8.9079015599737632E-002  0.44529307319581157     
   6.5000000745058060        1.7706591530550757        1.7706591601244750        1.7706591840594008        5.1035535483373353        5.3319167626728863        5.0826343027375396       -2.1533351486557176E-002  0.29971573339085483     
   6.6000000759959221        1.7590174313218163        1.7675569861329536        1.7928757648380591        5.2800373801859939        5.5088433866014066        5.2609369752488178       -4.0510127419349888E-002  0.14860883453513882     
   6.7000000774860382        1.7473757095885571        1.7625571345198754        1.8011795432159943        5.4553570398439790        5.6853649092380056        5.4407457008965983       -5.9486903352142600E-002   2.1459689522731140E-002
   6.8000000789761543        1.7357339878552978        1.7556596052852402        1.7979662946132371        5.6295125273112898        5.8612915628120428        5.6207889881442590       -7.8463679284935306E-002  -8.1731701646368296E-002
   6.9000000804662704        1.7240922661220386        1.7468643984290482        1.7856317944498181        5.8025038425879290        6.0364335795528810        5.8000349230007524       -9.7440455217728025E-002 -0.16096533897215942     
   7.0000000819563866        1.7124505443887792        1.7361715139512994        1.7665718181457681        5.9743309856738938        6.2106011916898796        5.9776911690206029      -0.11641723115052074      -0.21624122245464222     
   7.1000000834465027        1.7008088226555200        1.7235809518519938        1.7431821411211175        6.1449939565691851        6.3836046314523998        6.1532049673039104      -0.13539400708331345      -0.24755935209381696     
   7.2000000849366188        1.6891671009222606        1.7090927121311312        1.7178585387958971        6.3144927552738030        6.5552541310698045        6.3262631364963458      -0.15437078301610616      -0.25491972788968309     
   7.3000000864267349        1.6775253791890012        1.6927067947887118        1.6929967865901379        6.4828273817877466        6.7253599227714531        6.4967920727891535      -0.17334755894889889      -0.23832234984224099     
   7.4000000879168510        1.6658836574557421        1.6744231998247354        1.6709926599238698        6.6499978361110186        6.8937322387867068        6.6649577499191492      -0.19232433488169159      -0.19776721795149077     
   7.5000000894069672        1.6542419535993096        1.6542419272392055        1.6542419342171242        6.8160041182436162        7.0601813113449277        6.8311657191687285      -0.21130104112771134      -0.13325433221744604     
   7.6000000908970833        1.6625951245869970        1.6360601509242390        1.6445754148725804        6.9818459746241679        7.2246472789048850        6.9960469877876621      -0.15233447975302566       -6.1732777754370707E-002
   7.7000000923871994        1.6709482955746842        1.6237750308346082        1.6415640332849768        7.1485231481159355        7.3875899016394859        7.1603026450033926       -9.3367918378339992E-002  -1.5157906202751745E-004
   7.8000000938773155        1.6793014665623713        1.6173865669703127        1.6442137538624280        7.3160356387189189        7.5495988451976244        7.3245485028439967       -3.4401357003654320E-002   5.1489263859583516E-002
   7.9000000953674316        1.6876546375500585        1.6168947593313532        1.6515305410130483        7.4843834464331183        7.7112637752281943        7.4893009697768731        2.4565204371031352E-002   9.3189751010462396E-002
   8.0000000968575478        1.6960078085377457        1.6222996079177292        1.6625203591449524        7.6535665712585335        7.8731743573800896        7.6549770507087578        8.3531765745717024E-002  0.12494988239060917     
   8.1000000983476639        1.7043609795254329        1.6336011127294408        1.6761891726662548        7.8235850131951645        8.0359202573022035        7.8218943469857125       0.14249832712040272       0.14676965800002373     
   8.2000000998377800        1.7127141505131200        1.6507992737664878        1.6915429459850697        7.9944387722430115        8.2000911406434280        7.9902710563931301       0.20146488849508837       0.15864907783870608     
   8.3000001013278961        1.7210673215008072        1.6738940910288704        1.7075876435095119        8.1661278484020734        8.3662766730526616        8.1602259731557325       0.26043144986977407       0.16058814190665638     
   8.4000001028180122        1.7294204924884944        1.7028855645165888        1.7233292296476959        8.3386522416723530        8.5350665201787930        8.3317784879375747       0.31939801124445977       0.15258685020387452     
   8.5000001043081284        1.7377736878776735        1.7377736942296389        1.7377736688077359        8.5120119520538484        8.7070503476707142        8.5048485878420443       0.37836449840829767       0.13464520273037558     
   8.6000001057982445        1.7695205219280210        1.7750011828627332        1.7503899816410891        8.6873766651572719        8.8826992435049590        8.6792684315714475       0.36618526315893285       0.12065487208924003     
   8.7000001072883606        1.8012673559783687        1.8110107479527426        1.7624994079765273        8.8659160617130333        9.0620099920762964        8.8549096931608773       0.35400602790956809       0.12450747292314054     
   8.8000001087784767        1.8330141900287162        1.8458023894996669        1.7758862409881422        9.0476301417211396        9.2448608010249700        9.0318108986129957       0.34182679266020333       0.14620300523207713     
   8.9000001102685928        1.8647610240790640        1.8793761075035065        1.7923347738500255        9.2325189051815855        9.4311298779912320        9.2101890032505249       0.32964755741083851       0.18574146901604982     
   9.0000001117587090        1.8965078581294117        1.9117319019642609        1.8136292997362689        9.4205823520943728        9.6206954306153225        9.3904393917162654       0.31746832216147375       0.24312286427505855     
   9.1000001132488251        1.9282546921797592        1.9428697728819304        1.8415541118209637        9.6118204824595033        9.8134356665374955        9.5731358779730762       0.30528908691210899       0.31834719100910336     
   9.2000001147389412        1.9600015262301069        1.9727897202565150        1.8778935032782018        9.8062332962769716        10.009228793397993        9.7590307053038874       0.29310985166274417       0.41141444921818426     
   9.3000001162290573        1.9917483602804547        2.0014917440880149        1.9244317672820750        10.003820793546783        10.207953018837063        9.9490545463117002       0.28093061641337941       0.52232463890230130     
   9.4000001177191734        2.0234951943308022        2.0289758443764296        1.9829531970066747        10.204582974268936        10.409486550494956        10.144316502919580       0.26875138116401465       0.65107776006145424     
   9.5000001192092896        2.0552420940745817        2.0552420211217690        2.0552420856260927        10.408519838443432        10.613707596011912        10.346104106370664       0.25657230633907252       0.79767381269560034     
   9.6000001206994057        2.1420965736419202        2.0870189785433571        2.1420786241777128        10.618386774956520        10.820718653645864        10.555858215028852       0.37896683262241943       0.93198976906195063     
   9.7000001221895218        2.2289510532092591        2.1310353887756617        2.2402266095158581        10.836939159555762        11.031519379755457        10.774896885883731       0.50136135890576639        1.0239027450550324     
   9.8000001236796379        2.3158055327765976        2.1872912518186833        2.3454457435400164        11.064176992241164        11.247333719676480        11.004139248768974       0.62375588518911318        1.0734127406748455     
   9.9000001251697540        2.4026600123439366        2.2557865676724216        2.4534957281496754        11.300100273012720        11.469385618744713        11.244080403701879       0.74615041147246020        1.0805197559213897     
   10.000000126659870        2.4895144919112751        2.3365213363368769        2.5601362652443234        11.544709001870435        11.698899022295949        11.494791420883377       0.86854493775580699        1.0452237907946653     
   10.100000128149986        2.5763689714786140        2.4294955578120492        2.6611270567234477        11.798003178814307        11.937097875665971        11.755919340698032       0.99093946403915389       0.96752484529467253     
   10.200000129640102        2.6632234510459525        2.5347092320979376        2.7522278044865356        12.059982803844335        12.185206124190564        12.026687173714034        1.1133339903225008       0.84742291942141068     
   10.300000131130219        2.7500779306132914        2.6521623591945431        2.8291982104330762        12.330647876960521        12.444447713205520        12.305893900683207        1.2357285166058478       0.68491801317488044     
   10.400000132620335        2.8369324101806299        2.7818549391018652        2.8877979764625561        12.609998398162865        12.716046588046620        12.591914472541001        1.3581230428891946       0.48001012655508091     
   10.500000134110451        2.9237867400757334        2.9237869718198617        2.9237868044744633        12.898034367451356        13.001226694049649        12.882699810406498        1.4805169415403738       0.23269925956209808     
   10.600000135600567        2.8990375102651389        3.0545585706705869        2.9344934886373304        13.189175584306742        13.300431977240670        13.175816030372141        1.1349149965011605       -9.9418835638286490E-003
   10.700000137090683        2.8742882804545440        3.1507699745024040        2.9235231669441211        13.477841878144186        13.610986410631932        13.468875949900104       0.78931305146194697      -0.20084085109918703     
   10.800000138580799        2.8495390506439495        3.2124211833153127        2.8960500570309935        13.764033248963695        13.929433974567058        13.759970579178114       0.44371110642273370      -0.33999764304397695     
   10.900000140070915        2.8247898208333551        3.2395121971093133        2.8572483765341068        14.047749696765266        14.252318649389652        14.047708350165237        9.8109161383520327E-002 -0.42741225939819860     
   11.000000141561031        2.8000405910227606        3.2320430158844049        2.8122923430896192        14.328991221548897        14.576184415443331        14.331215116591851      -0.24749278365569305      -0.46308470016185177     
   11.100000143051147        2.7752913612121661        3.1900136396405889        2.7663561743336893        14.607757823314591        14.897575253071707        14.610134153959661      -0.59309472869490643      -0.44701496533493623     
   11.200000144541264        2.7505421314015717        3.1134240683778640        2.7246140879024763        14.884049502062343        15.213035142618391        14.884626159541710      -0.93869667373411980      -0.37920305491745254     
   11.300000146031380        2.7257929015909772        3.0022743020962297        2.6922403014321383        15.157866257792158        15.519108064427000        15.155369252382359       -1.2842986187733332      -0.25964896890940059     
   11.400000147521496        2.7010436717803827        2.8565643407956891        2.6744090325588350        15.429208090504035        15.812337998841146        15.423558973297290       -1.6299005638125466       -8.8352707310780154E-002
   11.500000149011612        2.6762945487365419        2.6762941844763315        2.6762944989187236        15.698075000197980        16.089268926204451        15.690908284873526       -1.9755012653442090       0.13468572987829053     
   11.600000150501728        2.7231952756976328        2.5031891482915740        2.7012983152598986        15.968049495442621        16.347835678498519        15.959603260757460       -1.4865994067616248       0.35628833605001947     
   11.700000151991844        2.7700960026587236        2.3789742986935951        2.7457317164747290        16.242714063453260        16.591536436427635        16.231815608913685      -0.99769754817904088       0.52327742156093016     
   11.800000153481960        2.8169967296198144        2.3036496356823957        2.8041333504157522        16.522068704229895        16.825260218869030        16.509215220321252      -0.50879568959645671       0.63565298641102230     
   11.900000154972076        2.8638974565809052        2.2772151592579744        2.8710418649355063        16.806113417772526        17.053896044699940        16.792925850736339       -1.9893831013872765E-002  0.69341503060029630     
   12.000000156462193        2.9107981835419960        2.2996708694203325        2.9409959078865286        17.094848204081156        17.282332932797598        17.083525120692229       0.46900802756871141       0.69656355412875204     
   12.100000157952309        2.9576989105030869        2.3710167661694692        3.0085341271213570        17.388273063155783        17.515459902039243        17.381044515499337       0.95790988615129535       0.64509855699638941     
   12.200000159442425        3.0045996374641777        2.4912528495053854        3.0681951704925292        17.686387994996402        17.758165971302105        17.684969385245171        1.4468117447338797       0.53902003920320829     
   12.300000160932541        3.0515003644252685        2.6603791194280806        3.1145176858525825        17.989192999603024        18.015340159463417        17.994238944794368        1.9357136033164637       0.37832800074920891     
   12.400000162422657        3.0984010913863593        2.8783955759375544        3.1420403210540555        18.296688076975634        18.291871485400414        18.307246273788682        2.4246154618990481       0.16302244163439150     
   12.500000163912773        3.1453016522612471        3.1453022190336486        3.1453017239494847        18.608873227114234        18.592648967990311        18.621838316646969        2.9135153855640610      -0.10689663814108694     
   12.600000165402889        3.0908764102466488        3.4020760715895850        3.1207995498990684        18.920682134885944        18.920594182212920        18.935364853726856        2.2219615890300988      -0.37265911055539580     
   12.700000166893005        3.0364511682320510        3.5896945434616296        3.0728674457609761        19.227048518375092        19.270759012781927        19.245217238128152        1.5304077924961368      -0.57549523291194959     
   12.800000168383121        2.9820259262174527        3.7081576346497829        3.0077980466347500        19.527972377581687        19.636227921319794        19.549367108478279       0.83885399596217480      -0.71540500521074857     
   12.900000169873238        2.9276006842028548        3.7574653451540443        2.9318839876199343        19.823453712505714        20.010085369448980        19.846415366923949       0.14730019942821304      -0.79238842745179239     
   13.000000171363354        2.8731754421882565        3.7376176749744139        2.8514179038160714        20.113492523147187        20.385415818791955        20.135592179131251      -0.54425359710574917      -0.80644549963508128     
   13.100000172853470        2.8187502001736586        3.6486146241108930        2.7726924303227038        20.398088809506095        20.755303730971171        20.416756974285569       -1.2358073936397114      -0.75757622176061523     
   13.200000174343586        2.7643249581590603        3.4904561925634789        2.7020002022393763        20.677242571582447        21.112833567609101        20.690398445091638       -1.9273611901736727      -0.64578059382839448     
   13.300000175833702        2.7098997161444620        3.2631423803321744        2.6456338546656299        20.950953809376237        21.451089790328197        20.957634547773509       -2.6189149867076349      -0.47105861583841824     
   13.400000177323818        2.6554744741298641        2.9666731874169772        2.6098860227010094        21.219222522887470        21.763156860750929        21.220212502074588       -3.3104687832415971      -0.23341028779068740     
   13.500000178813934        2.6010494725217872        2.6010486138181532        2.6010493414450568        21.482048712116164        22.042119240499776        21.480508791257588       -4.0020196257734497        6.7164390314609537E-002
   13.600000180304050        2.6810693037505677        2.2488688431439563        2.6234405086650137        21.746154654865268        22.283814747032689        21.741479768485352       -3.0415756827527307       0.37138740538963771     
   13.700000181794167        2.7610891349793483        1.9927334682030049        2.6734725151978136        22.018262580856486        22.495094496117847        22.006118262265154       -2.0811317397320117       0.61998116833386230     
   13.800000183284283        2.8411089662081288        1.8326424889952984        2.7455824357474823        22.298372490089822        22.685562927757932        22.276910210399482       -1.1206877967112923       0.81294567914728311     
   13.900000184774399        2.9211287974369093        1.7685959055208365        2.8342073450180458        22.586484382565278        22.864824481955615        22.555785258152937      -0.16024385369057326       0.95028093782989997     
   14.000000186264515        3.0011486286656899        1.8005937177796196        2.9337843177135290        22.882598258282847        23.042483598713577        22.844116758252227       0.80020008933014619        1.0319869443817133     
   14.100000187754631        3.0811684598944704        1.9286359257716479        3.0387504285379578        23.186714117242534        23.228144718034489        23.142721770886169        1.7606440323508652        1.0580636988027228     
   14.200000189244747        3.1611882911232509        2.1527225294969212        3.1435427521953576        23.498831959444338        23.431412279921030        23.451861063705710        2.7210879753715842        1.0285112010929289     
   14.300000190734863        3.2412081223520315        2.4728535289554388        3.2425983633897544        23.818951784888263        23.661890724375883        23.771239111823892        3.6815319183923041       0.94332945125233092     
   14.400000192224979        3.3212279535808120        2.8890289241472020        3.3303543368251729        24.147073593574298        23.929184491401710        24.100004097815880        4.6419758614130231       0.80251844928092986     
   14.500000193715096        3.4012476064691461        3.4012487150718145        3.4012477472056397        24.483197385502436        24.242898021001174        24.436747911718943        5.6024157267031018       0.60607819517887251     
   14.600000195205212        3.3892041689567725        3.9042617712124521        3.4510375919934804        24.822719979333012        24.609127359463741        24.779539193695800        4.4578452462000744       0.39366629428100275     
   14.700000196695328        3.3771607314443988        4.2928177775972438        3.4807705289551421        25.161038229394407        25.019935151375748        25.126286876709255        3.3132747656970465       0.20494004463273080     
   14.800000198185444        3.3651172939320251        4.5669167342261892        3.4928151232508799        25.498152135686617        25.463875691249932        25.475103698139741        2.1687042851940186        3.9899446234056710E-002
   14.900000199675560        3.3530738564196514        4.7265586410992899        3.4895399400409479        25.834061698209641        25.929503273599057        25.824339251887253        1.0241338046909911      -0.10145550091501954     
   15.000000201165676        3.3410304189072777        4.7717434982165443        3.4733135444855998        26.168766916963484        26.405372192935875        26.172579988371346      -0.12043667581203632      -0.21912479681449809     
   15.100000202655792        3.3289869813949040        4.7024713055779532        3.4465045017450904        26.502267791948146        26.880036743773132        26.518649214531120       -1.2650071563150647      -0.31310844146437855     
   15.200000204145908        3.3169435438825299        4.5187420631835167        3.4114813769796730        26.834564323163622        27.342051220623588        26.861607093825235       -2.4095776368180921      -0.38340643486466142     
   15.300000205636024        3.3049001063701562        4.2205557710332338        3.3706127353496025        27.165656510609914        27.779969917999988        27.200750646231896       -3.5541481173211196      -0.43001877701534641     
   15.400000207126141        3.2928566688577825        3.8079124291271071        3.3262671420151326        27.495544354287023        28.182347130415092        27.535613748248888       -4.6987185978241470      -0.45294546791643320     
   15.500000208616257        3.2808132505762297        3.2808120374656338        3.2808131621365177        27.824227854194948        28.537737152381684        27.865967132893523       -5.8432842643454208      -0.45218650756792700     
   15.600000210106373        3.2779880884525761        2.7546339547544507        3.2365855260495251        28.152167926033076        28.838540283992266        28.191817547517882       -4.6802772330649534      -0.42875693857175512     
   15.700000211596489        3.2751629263289224        2.3447565769043299        3.1957836256389900        28.479825481654633        29.092540642223970        28.513398438945135       -3.5172702017844855      -0.38367179505971860     
   15.800000213086605        3.2723377642052687        2.0511799039152718        3.1605730183887686        28.807200521059606        29.311368298082801        28.831160658627581       -2.3542631705040176      -0.31693107703181767     
   15.900000214576721        3.2695126020816150        1.8739039357872755        3.1331192617827170        29.134293044248011        29.506653322574781        29.145771613769170       -1.1912561392235501      -0.22853478448805220     
   16.000000216066837        3.2666874399579613        1.8129286725203417        3.1155879133046902        29.461103051219837        29.690025786705917        29.458115267325422       -2.8249107943081775E-002 -0.11848291742842226     
   16.100000217556953        3.2638622778343076        1.8682541141144702        3.1101445304385442        29.787630541975087        29.873115761482218        29.769292138003493        1.1347579233373857        1.3224524147072259E-002
   16.200000219047070        3.2610371157106539        2.0398802605696615        3.1189546706681353        30.113875516513765        30.067553317909702        30.080619300262143        2.2977649546178540       0.16658754023843136     
   16.300000220537186        3.2582119535870002        2.3278071118859143        3.1441838914773190        30.439837974835868        30.284968526994369        30.393630384311745        3.4607719858983224       0.34160613084565478     
   16.400000222027302        3.2553867914633465        2.7320346680632293        3.1879977503499504        30.765517916941395        30.536991459742239        30.710075576114299        4.6237790171787889       0.53828029596874294     
   16.500000223517418        3.2525618659210966        3.2525629291010789        3.2525618047698863        31.090915342830371        30.835252187159277        31.031921617383382        5.7867813225755702       0.75661003560751072     
   16.600000225007534        3.3555814337484651        3.7836751907039039        3.3388084764300303        31.421322512737301        31.187856863011120        31.361320976924290        4.8354637511971461       0.95960135927322920     
   16.700000226497650        3.4586010015758335        4.2196556937513128        3.4427376769346481        31.762031639580478        31.588816177532500        31.700272740347803        3.8841461798187229        1.1102606072271810     
   16.800000227987766        3.5616205694032019        4.5605044382433064        3.5591161986345816        32.113042723359904        32.028616954442604        32.050283500246678        2.9328286084402988        1.2085877794693656     
   16.900000229477882        3.6646401372305704        4.8062214241798831        3.6827108338806740        32.474355764075568        32.497746017460614        32.412336528440918        1.9815110370618751        1.2545828759997837     
   17.000000230967999        3.7676597050579383        4.9568066515610436        3.8082883750237677        32.845970761727493        32.986690190305723        32.786891775977836        1.0301934656834515        1.2482458968184349     
   17.100000232458115        3.8706792728853068        5.0122601203867889        3.9306156144147044        33.227887716315664        33.485936296697112        33.173885873132029        7.8875894305027394E-002   1.1895768419253188     
   17.200000233948231        3.9736988407126752        4.9725818306571181        4.0444593444043271        33.620106627840073        33.985971160353969        33.572732129405360      -0.87244167707339582        1.0785757113204362     
   17.300000235438347        4.0767184085400441        4.8377717823720303        4.1445863573434787        34.022627496300743        34.477281604995483        33.982320533527009       -1.8237592484518199       0.91524250500378690     
   17.400000236928463        4.1797379763674121        4.6078299755315282        4.2257634455830004        34.435450321697658        34.950354454340832        34.401017753453417       -2.7750768198302431       0.69957722297537028     
   17.500000238418579        4.2827572407836403        4.2827564101360771        4.2827574014737362        34.858575104030777        35.395676532109249        34.826667136368322       -3.7263904617953436       0.43157986523547198     
   17.600000239908695        4.2585169506863645        3.9449572516994000        4.3120040634831796        35.285638819968014        35.806481556468839        35.256630431153589       -3.0295926062662071       0.16132169515749573     
   17.700000241398811        4.2342766605890896        3.6768378798539461        4.3166154067938152        35.710278506859417        36.186990654070549        35.688246784496641       -2.3327947507370710       -6.1126501398794608E-002
   17.800000242888927        4.2100363704918138        3.4783982945997161        4.3013724288290538        36.132494164704966        36.544171803884979        36.119291714277942       -1.6359968952079345      -0.23576472443339896     
   17.900000244379044        4.1857960803945389        3.3496384959367087        4.2710561270123053        36.552285793504666        36.884992984882757        36.548018838127426      -0.93919903967879836      -0.36259297394631729     
   18.000000245869160        4.1615557902972631        3.2905584838649249        4.2304474987669822        36.969653393258518        37.216422176034492        36.973159873424500      -0.24240118414966183      -0.44161124993754974     
   18.100000247359276        4.1373155001999882        3.3011582583843646        4.1843275415164953        37.384596963966523        37.545427356310803        37.393924637298049       0.45439667137947470      -0.47281955240709606     
   18.200000248849392        4.1130752101027124        3.3814378194950270        4.1374772526842545        37.797116505628679        37.878976504682299        37.810001046626397        1.1511945269086103      -0.45621788135495644     
   18.300000250339508        4.0888349200054375        3.5313971671969138        4.0946776296936722        38.207212018244988        38.224037600119594        38.221555118037344        1.8479923824377469      -0.39180623678113080     
   18.400000251829624        4.0645946299081617        3.7510363014900232        4.0607096699681584        38.614883501815434        38.587578621593302        38.629230967908157        2.5447902379668834      -0.27958461868561901     
   18.500000253319740        4.0403545004229784        4.0403552223739494        4.0403543709311247        39.020130956340076        38.976567548074030        39.034150812365588        3.2415848844672204      -0.11955302706865380     
   18.600000254809856        4.0795171233046661        4.3360141137477717        4.0371873853671092        39.426124543576236        39.395861014464813        39.437884838438514        2.6715928548960091        5.2128291044152238E-002
   18.700000256299973        4.1186797461863529        4.5746738013151189        4.0499630241455300        39.836034393158918        39.841870410030886        39.842119722363194        2.1016008253247977       0.19929945502880297     
   18.800000257790089        4.1578423690680406        4.7563342850759902        4.0762302718170496        40.249860505088130        40.308895814136797        40.248327175878138        1.5316087957535862       0.32196046488529839     
   18.900000259280205        4.1970049919497274        4.8809955650303856        4.1135381129323276        40.667602879363862        40.791237306147082        40.657733809173294       0.96161676618237513       0.42011132061363832     
   19.000000260770321        4.2361676148314142        4.9486576411783068        4.1594355320420267        41.089261515986117        41.283194965426283        41.071321130889999       0.39162473661116337       0.49375202221382303     
   19.100000262260437        4.2753302377131019        4.9593205135197511        4.2114715136968082        41.514836414954907        41.779068871338957        41.489825548121040      -0.17836729296004794       0.54288256968585236     
   19.200000263750553        4.3144928605947888        4.9129841820547213        4.2671950424473337        41.944327576270219        42.273159103249654        41.913738366410584      -0.74835932253125925       0.56750296302972625     
   19.300000265240669        4.3536554834764765        4.8096486467832147        4.3241551028442649        42.377734999932059        42.759765740522909        42.343305789754226       -1.3183513521024706       0.56761320224544509     
   19.400000266730785        4.3928181063581633        4.6493139077052339        4.3799006794382622        42.815058685940421        43.233188862523271        42.778528920598973       -1.8883433816736819       0.54321328733300822     
   19.500000268220901        4.4319807020941679        4.4319799648211795        4.4319807567799883        43.256298634295305        43.687728548615318        43.219163759843241       -2.4583324078607829       0.49430321829252649     
   19.600000269711018        4.4610226809446356        4.2136342578569348        4.4784547679060047        43.700948810073051        44.119551140586431        43.664733965056314       -1.9085816663520103       0.43619640839870250     
   19.700000271201134        4.4900646597951042        4.0502636258627609        4.5194239233669826        44.148503183779113        44.532287915489064        44.114671231555391       -1.3588309248432373       0.38420610663235294     
   19.800000272691250        4.5191066386455718        3.9418680688386560        4.5554998739847861        44.598961755413505        44.931436381065993        44.568455656289117      -0.80908018333446452       0.33833231299347793     
   19.900000274181366        4.5481486174960395        3.8884475867846211        4.5872942705812747        45.052324524976221        45.322494045059955        45.025628501289155      -0.25932944182569173       0.29857502748207743     
   20.000000275671482        4.5771905963465072        3.8900021797006556        4.6154187639783117        45.508591492467247        45.710958415213724        45.485792193670363       0.29042129968308128       0.26493425009815136     
   20.100000277161598        4.6062325751969757        3.9465318475867597        4.6404850049977577        45.967762657886610        46.102326999270083        45.948610325630618       0.84017204119185385       0.23740998084169984     
   20.200000278651714        4.6352745540474434        4.0580365904429341        4.6631046444614759        46.429838021234289        46.502097304971777        46.413807654450920        1.3899227827006269       0.21600221971272279     
   20.300000280141830        4.6643165328979110        4.2245164082691780        4.6838893331913267        46.894817582510292        46.915766840061572        46.881170102495389        1.9396735242093994       0.20071096671122027     
   20.400000281631947        4.6933585117483787        4.4459713010654918        4.7034507220091717        47.362701341714619        47.348833112282243        47.350544757211217        2.4894242657181724       0.19153622183719227     
