   9.9999997764825821E-003   25.002500720562736     
   1.9999999552965164E-002   12.505000307630825     
   2.9999999329447746E-002   8.3408335244941245     
   3.9999999105930328E-002   6.2600001608914217     
   4.9999998882412910E-002   5.0125031370864042     
   5.9999998658895493E-002   4.1816606625730666     
   6.9999998435378075E-002   3.5889280430575949     
   7.9999998211860657E-002   3.1450000401984854     
   8.9999997988343239E-002   2.8002778547259304     
   9.9999997764825821E-002   2.5250000591184056     
  0.10999999754130840        2.3002272582836900     
  0.11999999731779099        2.1133328315439330     
  0.12999999709427357        1.9555770344355168     
  0.13999999687075615        1.8207143480524910     
  0.14999999664723873        1.7041666977842440     
  0.15999999642372131        1.6024999713664208     
  0.16999999620020390        1.5130968666587086     
  0.17999999597668648        1.4338933772414324     
  0.18999999575316906        1.3632918228913411     
  0.19999999552965164        1.3000010789530729     
  0.20999999530613422        1.2429768287770688     
  0.21999999508261681        1.1913557207789203     
  0.22999999485909939        1.1444522585378043     
  0.23999999463558197        1.1016643814729152     
  0.24999999441206455        1.0624987793569574     
  0.25999999418854713        1.0265371000712276     
  0.26999999396502972       0.99342386028917129     
  0.27999999374151230       0.96285696923774555     
  0.28999999351799488       0.93457066792948174     
  0.29999999329447746       0.90833325902070294     
  0.30999999307096004       0.88395164254493708     
  0.31999999284744263       0.86125002541278251     
  0.32999999262392521       0.84007578482453726     
  0.33999999240040779       0.82029414126298361     
  0.34999999217689037       0.80178574189478935     
  0.35999999195337296       0.78444443634626360     
  0.36999999172985554       0.76817569490373971     
  0.37999999150633812       0.75289474773412357     
  0.38999999128282070       0.73852496055172578     
  0.39999999105930328       0.72499997115155479     
  0.40999999083578587       0.71225607224613841     
  0.41999999061226845       0.70023806412397893     
  0.42999999038875103       0.68889534502554539     
  0.43999999016523361       0.67818182072574651     
  0.44999998994171619       0.66805556642784059     
  0.45999998971819878       0.65847842622256647     
  0.46999998949468136       0.64941502873854173     
  0.47999998927116394       0.64083344105802342     
  0.48999998904764652       0.63270416558365061     
  0.49999998882412910       0.62500005607389042     
  0.50999998860061169       0.61769613572051030     
  0.51999998837709427       0.61076928046171541     
  0.52999998815357685       0.60419789234059618     
  0.53999998793005943       0.59796262304425940     
  0.54999998770654202       0.59204532650510544     
  0.55999998748302460       0.58642835852388187     
  0.56999998725950718       0.58109632169744263     
  0.57999998703598976       0.57603434876396975     
  0.58999998681247234       0.57123205346200057     
  0.59999998658895493       0.56666660428920523     
  0.60999998636543751       0.56233602667794991     
  0.61999998614192009       0.55822577502070114     
  0.62999998591840267       0.55432543792530453     
  0.63999998569488525       0.55062497847185110     
  0.64999998547136784       0.54711536787185544     
  0.65999998524785042       0.54378786710017923     
  0.66999998502433300       0.54064169687324992     
  0.67999998480081558       0.53765343477380589     
  0.68999998457729816       0.53482436474795469     
  0.69999998435378075       0.53214764514159796     
  0.70999998413026333       0.52961663982418705     
  0.71999998390674591       0.52722564587939613     
  0.72999998368322849       0.52496883153942853     
  0.73999998345971107       0.52284050082103783     
  0.74999998323619366       0.52081963078227200     
  0.75999998301267624       0.51893586969437522     
  0.76999998278915882       0.51716567611664011     
  0.77999998256564140       0.51550475438325782     
  0.78999998234212399       0.51394898047243553     
  0.79999998211860657       0.51249440619137387     
  0.80999998189508915       0.51113403424110448     
  0.81999998167157173       0.50987451639921944     
  0.82999998144805431       0.50870166277881834     
  0.83999998122453690       0.50761645338287231     
  0.84999998100101948       0.50661552521817099     
  0.85999998077750206       0.50569594442170773     
  0.86999998055398464       0.50485491464664556     
  0.87999998033046722       0.50408977689927847     
  0.88999998010694981       0.50339797924423457     
  0.89999997988343239       0.50277702109692057     
  0.90999997965991497       0.50222471519765777     
  0.91999997943639755       0.50173861979622691     
  0.92999997921288013       0.50131679674781660     
  0.93999997898936272       0.50095712457913888     
  0.94999997876584530       0.50065771427523731     
  0.95999997854232788       0.50041653752650206     
  0.96999997831881046       0.50023194990778319     
  0.97999997809529305       0.50010206991058281     
  0.98999997787177563       0.50002531789640436     
  0.99999997764825821       0.50000000036507131     
   1.0099999774247408       0.50002476657866590     
   1.0199999772012234       0.50009806588715944     
   1.0299999769777060       0.50021847994078028     
   1.0399999767541885       0.50038465503981877     
   1.0499999765306711       0.50059521183187838     
   1.0599999763071537       0.50084905114691092     
   1.0699999760836363       0.50114486892028154     
   1.0799999758601189       0.50148141896403975     
   1.0899999756366014       0.50185783687062635     
   1.0999999754130840       0.50227276808752774     
   1.1099999751895666       0.50272601732282651     
   1.1199999749660492       0.50321408133363699     
   1.1299999747425318       0.50373896300045051     
   1.1399999745190144       0.50429827045968412     
   1.1499999742954969       0.50489137179458921     
   1.1599999740719795       0.50551731217253137     
   1.1699999738484621       0.50617526017261549     
   1.1799999736249447       0.50686439272352024     
   1.1899999734014273       0.50758407768829472     
   1.1999999731779099       0.50833333296450856     
   1.2099999729543924       0.50911156710102956     
   1.2199999727308750       0.50991803596346275     
   1.2299999725073576       0.51075186077103185     
   1.2399999722838402       0.51161292548316750     
   1.2499999720603228       0.51250007731144576     
   1.2599999718368053       0.51341276999777097     
   1.2699999716132879       0.51435046524830685     
   1.2799999713897705       0.51531259917435290     
   1.2899999711662531       0.51629854325731916     
   1.2999999709427357       0.51730772185896001     
   1.3099999707192183       0.51833972877402512     
   1.3199999704957008       0.51939403298377596     
   1.3299999702721834       0.52047001603220344     
   1.3399999700486660       0.52156649473389083     
   1.3499999698251486       0.52268523351753937     
   1.3599999696016312       0.52382357334149632     
   1.3699999693781137       0.52498179125027333     
   1.3799999691545963       0.52615945688221011     
   1.3899999689310789       0.52735722498431303     
   1.3999999687075615       0.52857146174493830     
   1.4099999684840441       0.52980499681117610     
   1.4199999682605267       0.53105636914365373     
   1.4299999680370092       0.53232532381530873     
   1.4399999678134918       0.53361128311217076     
   1.4499999675899744       0.53491395803490127     
   1.4599999673664570       0.53623303861459648     
   1.4699999671429396       0.53756802803489789     
   1.4799999669194221       0.53891897346301187     
   1.4899999666959047       0.54028534598279088     
   1.4999999664723873       0.54166677532327645     
   1.5099999662488699       0.54306301836498361     
   1.5199999660253525       0.54447378387122980     
   1.5299999658018351       0.54589878844797413     
   1.5399999655783176       0.54733771728392466     
   1.5499999653548002       0.54882300609459866     
   1.5599999651312828       0.55025649505892271     
   1.5699999649077654       0.55173375090444310     
   1.5799999646842480       0.55322796310827949     
   1.5899999644607306       0.55473278130213055     
   1.5999999642372131       0.55625010201451597     
   1.6099999640136957       0.55777960218619993     
   1.6199999637901783       0.55932109120850315     
   1.6299999635666609       0.56087433687152188     
   1.6399999633431435       0.56243912550255704     
   1.6499999631196260       0.56401524847581663     
   1.6599999628961086       0.56560250411388724     
   1.6699999626725912       0.56720063108595997     
   1.6799999624490738       0.56880955366018082     
   1.6899999622255564       0.57042902164472786     
   1.6999999620020390       0.57205893619821258     
   1.7099999617785215       0.57369988857511156     
   1.7199999615550041       0.57534991156977355     
   1.7299999613314867       0.57700989382467582     
   1.7399999611079693       0.57867823458788692     
   1.7499999608844519       0.58035721503183246     
   1.7599999606609344       0.58204552136381404     
   1.7699999604374170       0.58374300271190249     
   1.7799999602138996       0.58544950430875042     
   1.7899999599903822       0.58716486767164444     
   1.7999999597668648       0.58888895077910575     
   1.8099999595433474       0.59062160761470239     
   1.8199999593198299       0.59236269691186527     
   1.8299999590963125       0.59411204660780725     
   1.8399999588727951       0.59586956403804914     
   1.8499999586492777       0.59763517017753476     
   1.8599999584257603       0.59940863408084255     
   1.8699999582022429       0.60118986953723996     
   1.8799999579787254       0.60297915099474775     
   1.8899999577552080       0.60477557328501819     
   1.8999999575316906       0.60657936769603982     
   1.9099999573081732       0.60839045540325321     
   1.9199999570846558       0.61020865782952893     
   1.9299999568611383       0.61203398475142334     
   1.9399999566376209       0.61386623811587082     
   1.9499999564141035       0.61570537036284390     
   1.9599999561905861       0.61755130638996858     
   1.9699999559670687       0.61940382440753394     
   1.9799999557435513       0.62126288472343694     
   1.9899999555200338       0.62312841978942457     
   1.9999999552965164       0.62500026593417946     
   2.0099999550729990       0.62687837430645332     
   2.0199999548494816       0.62876262752009848     
   2.0299999546259642       0.63065294980987219     
   2.0399999544024467       0.63254924900701148     
   2.0499999541789293       0.63445143843860030     
   2.0599999539554119       0.63635943065141065     
   2.0699999537318945       0.63827314461327278     
   2.0799999535083771       0.64019249679359758     
   2.0899999532848597       0.64211740357139779     
   2.0999999530613422       0.64404670782659346     
   2.1099999528378248       0.64598248374340450     
   2.1199999526143074       0.64792358260429272     
   2.1299999523907900       0.64987104040402144     
   2.1399999521672726       0.65182257047398684     
   2.1499999519437551       0.65377920403870704     
   2.1599999517202377       0.65574087031313855     
   2.1699999514967203       0.65770749380657678     
   2.1799999512732029       0.65967901469949430     
   2.1899999510496855       0.66165536051645402     
   2.1999999508261681       0.66363646847389413     
   2.2099999506026506       0.66562221267961630     
   2.2199999503791332       0.66761264721703562     
   2.2299999501556158       0.66960765242558984     
   2.2399999499320984       0.67160713786266146     
   2.2499999497085810       0.67361122380433158     
   2.2599999494850636       0.67561963252199697     
   2.2699999492615461       0.67763331145086125     
   2.2799999490380287       0.67965023322689466     
   2.2899999488145113       0.68167137318440729     
   2.2999999485909939       0.68369667815175184     
   2.3099999483674765       0.68572609402024576     
   2.3199999481439590       0.68775954841941334     
   2.3299999479204416       0.68979701607492083     
   2.3399999476969242       0.69183845355911966     
   2.3499999474734068       0.69388379074042739     
   2.3599999472498894       0.69593298179357854     
   2.3699999470263720       0.69798597905693893     
   2.3799999468028545       0.70004273244162996     
   2.3899999465793371       0.70210319591126369     
   2.3999999463558197       0.70416732244767666     
   2.4099999461323023       0.70623506825036619     
   2.4199999459087849       0.70830638616208430     
   2.4299999456852674       0.71038124141031256     
   2.4399999454617500       0.71245960783605577     
   2.4499999452382326       0.71454138336151474     
   2.4599999450147152       0.71662656502888411     
   2.4699999447911978       0.71871510154286222     
   2.4799999445676804       0.72080695638202397     
   2.4899999443441629       0.72290209010752959     
   2.4999999441206455       0.72496765102231364     
   2.5099999438971281       0.72710290034252634     
   2.5199999436736107       0.72920681227192030     
   2.5299999434500933       0.73131467587119914     
   2.5399999432265759       0.73342562546196810     
   2.5499999430030584       0.73553956970933809     
   2.5599999427795410       0.73765658720261529     
   2.5699999425560236       0.73977658556754811     
   2.5799999423325062       0.74189953015503940     
   2.5899999421089888       0.74402538673415042     
   2.5999999418854713       0.74615412187477270     
   2.6099999416619539       0.74828573309555224     
   2.6199999414384365       0.75042012656680002     
   2.6299999412149191       0.75255730037145785     
   2.6399999409914017       0.75469722508776849     
   2.6499999407678843       0.75683986541148740     
   2.6599999405443668       0.75898519350499605     
   2.6699999403208494       0.76113317863065522     
   2.6799999400973320       0.76328381415795332     
   2.6899999398738146       0.76543702431830951     
   2.6999999396502972       0.76759280435997268     
   2.7099999394267797       0.76975112405611223     
   2.7199999392032623       0.77191195638230037     
   2.7299999389797449       0.77407527457164393     
   2.7399999387562275       0.77624104967598906     
   2.7499999385327101       0.77840925708950648     
   2.7599999383091927       0.78057789390372512     
   2.7699999380856752       0.78275285889120627     
   2.7799999378621578       0.78492820119421436     
   2.7899999376386404       0.78710584884306001     
   2.7999999374151230       0.78928582119176438     
   2.8099999371916056       0.79146807151903797     
   2.8199999369680882       0.79365257558433744     
   2.8299999367445707       0.79583928078942112     
   2.8399999365210533       0.79805810750293527     
   2.8499999362975359       0.80024841246295608     
   2.8599999360740185       0.80244089822573028     
   2.8699999358505011       0.80463554164868178     
   2.8799999356269836       0.80683232633074087     
   2.8899999354034662       0.80903228390172788     
   2.8999999351799488       0.81123327335052686     
   2.9099999349564314       0.81343630926313459     
   2.9199999347329140       0.81564140728511503     
   2.9299999345093966       0.81784853051809125     
   2.9399999342858791       0.82005770347078510     
   2.9499999340623617       0.82226876538338822     
   2.9599999338388443       0.82448184912170253     
   2.9699999336153269       0.82669687670382608     
   2.9799999333918095       0.82891382827119198     
   2.9899999331682920       0.83113268420554132     
   2.9999999329447746       0.83335342550104652     
   3.0099999327212572       0.83557609197573623     
   3.0199999324977398       0.83780054732113129     
   3.0299999322742224       0.84002683100900455     
   3.0399999320507050       0.84225492669662139     
   3.0499999318271875       0.84448481557706423     
   3.0599999316036701       0.84671647737056877     
   3.0699999313801527       0.84894989662404485     
   3.0799999311566353       0.85118505614217232     
   3.0899999309331179       0.85342193664670118     
   3.0999999307096004       0.85566052498193290     
   3.1099999304860830       0.85790084089951657     
   3.1199999302625656       0.86014279235431834     
   3.1299999300390482       0.86238640031285307     
   3.1399999298155308       0.86463167215000569     
   3.1499999295920134       0.86687854581878454     
   3.1599999293684959       0.86912702894472360     
   3.1699999291449785       0.87137710882501873     
   3.1799999289214611       0.87362876511656828     
   3.1899999286979437       0.87588198531476191     
   3.1999999284744263       0.87813675419569415     
   3.2099999282509089       0.88039305789725897     
   3.2199999280273914       0.88265088161227112     
   3.2299999278038740       0.88491021108587264     
   3.2399999275803566       0.88717114248688389     
   3.2499999273568392       0.88943343948520159     
   3.2599999271333218       0.89169585060164724     
   3.2699999269098043       0.89396241363786755     
   3.2799999266862869       0.89622904196845166     
   3.2899999264627695       0.89849711614151329     
   3.2999999262392521       0.90076660005594578     
   3.3099999260157347       0.90303748057611988     
   3.3199999257922173       0.90530974728641145     
   3.3299999255686998       0.90758338665243687     
   3.3399999253451824       0.90985838617273451     
   3.3499999251216650       0.91213473359634911     
   3.3599999248981476       0.91441241717240551     
   3.3699999246746302       0.91669143176443246     
   3.3799999244511127       0.91897175042583157     
   3.3899999242275953       0.92125331019314249     
   3.3999999240040779       0.92353621761219618     
   3.4099999237805605       0.92582040228353046     
   3.4199999235570431       0.92810585312505101     
   3.4299999233335257       0.93039255852762370     
   3.4399999231100082       0.93268122729932912     
   3.4499999228864908       0.93497040355238636     
   3.4599999226629734       0.93726080179824334     
   3.4699999224394560       0.93955247275040377     
   3.4799999222159386       0.94184458737647636     
   3.4899999219924212       0.94413859483752149     
   3.4999999217689037       0.94643378376647491     
   3.5099999215453863       0.94873014356349017     
   3.5199999213218689       0.95102766110611481     
   3.5299999210983515       0.95332633159586666     
   3.5399999208748341       0.95562613979508704     
   3.5499999206513166       0.95800416144326273     
   3.5599999204277992       0.96030442736472288     
   3.5699999202042818       0.96260584604822841     
   3.5799999199807644       0.96490840554948731     
   3.5899999197572470       0.96721209582091727     
   3.5999999195337296       0.96951690693226800     
   3.6099999193102121       0.97182282925559604     
   3.6199999190866947       0.97412981423017453     
   3.6299999188631773       0.97643792339499846     
   3.6399999186396599       0.97874713682352477     
   3.6499999184161425       0.98105745920581222     
   3.6599999181926250       0.98336879307483172     
   3.6699999179691076       0.98567914437369719     
   3.6799999177455902       0.98799461559216473     
   3.6899999175220728       0.99030908586659350     
   3.6999999172985554       0.99262458378948271     
   3.7099999170750380       0.99494110062091345     
   3.7199999168515205       0.99725862844476809     
   3.7299999166280031       0.99957715891107357     
   3.7399999164044857        1.0018966810495622     
   3.7499999161809683        1.0042171879305337     
   3.7599999159574509        1.0065386733880366     
   3.7699999157339334        1.0088611254587045     
   3.7799999155104160        1.0111845379732955     
   3.7899999152868986        1.0135089029522417     
   3.7999999150633812        1.0158342127194977     
   3.8099999148398638        1.0181604590403674     
   3.8199999146163464        1.0204876325993935     
   3.8299999143928289        1.0228157291296127     
   3.8399999141693115        1.0251447208597106     
   3.8499999139457941        1.0274746394605463     
   3.8599999137222767        1.0298054558135621     
   3.8699999134987593        1.0321371639150878     
   3.8799999132752419        1.0344697565479850     
   3.8899999130517244        1.0368032269133423     
   3.8999999128282070        1.0391375672830381     
   3.9099999126046896        1.0414727100460888     
   3.9199999123811722        1.0438087701056045     
   3.9299999121576548        1.0461456829756208     
   3.9399999119341373        1.0484834363855395     
   3.9499999117106199        1.0508220252633966     
   3.9599999114871025        1.0531614437021564     
   3.9699999112635851        1.0555016851602457     
   3.9799999110400677        1.0578427431662665     
   3.9899999108165503        1.0601846113180693     
   3.9999999105930328        1.0625273451945363     
   4.0099999103695154        1.0648708147637516     
   4.0199999101459980        1.0672150756739822     
   4.0299999099224806        1.0695601217910489     
   4.0399999096989632        1.0719059489735707     
   4.0499999094754457        1.0742525473683802     
   4.0599999092519283        1.0765999129762269     
   4.0699999090284109        1.0789480398598152     
   4.0799999088048935        1.0812969222346223     
   4.0899999085813761        1.0827151029429922     
   4.0999999083578587        1.0859969308270487     
   4.1099999081343412        1.0883480435035779     
   4.1199999079108238        1.0906998908597956     
   4.1299999076873064        1.0930524655098643     
   4.1399999074637890        1.0954057619879156     
   4.1499999072402716        1.0977597753080526     
   4.1599999070167542        1.1001144991243232     
   4.1699999067932367        1.1024699287028006     
   4.1799999065697193        1.1048260801670602     
   4.1899999063462019        1.1071829055085183     
   4.1999999061226845        1.1095404210684074     
   4.2099999058991671        1.1118986218639488     
   4.2199999056756496        1.1142575427403512     
   4.2299999054521322        1.1166170982090162     
   4.2399999052286148        1.1189773238158354     
   4.2499999050050974        1.1213382158577225     
   4.2599999047815800        1.1236997671432014     
   4.2699999045580626        1.1260619740534381     
   4.2799999043345451        1.1284248318465848     
   4.2899999041110277        1.1307883358277304     
   4.2999999038875103        1.1331524813483114     
   4.3099999036639929        1.1355172638055340     
   4.3199999034404755        1.1378826789842367     
   4.3299999032169580        1.1402487236549279     
   4.3399999029934406        1.1426153897927802     
   4.3499999027699232        1.1449826748668321     
   4.3599999025464058        1.1473505780169069     
   4.3699999023228884        1.1497190880830606     
   4.3799999020993710        1.1520882047756351     
   4.3899999018758535        1.1544579224895364     
   4.3999999016523361        1.1568282376825991     
   4.4099999014288187        1.1591991461784885     
   4.4199999012053013        1.1615706419158796     
   4.4299999009817839        1.1639427248244552     
   4.4399999007582664        1.1663153885743314     
   4.4499999005347490        1.1686886108863126     
   4.4599999003112316        1.1710623630939481     
   4.4699999000877142        1.1734367411238340     
   4.4799998998641968        1.1758116843581461     
   4.4899998996406794        1.1781871888558315     
   4.4999998994171619        1.1805633323577218     
   4.5099998991936445        1.1829398890377325     
   4.5199998989701271        1.1853170668286888     
   4.5299998987466097        1.1876947833987856     
   4.5399998985230923        1.1900730422672277     
   4.5499998982995749        1.1924518405225868     
   4.5599998980760574        1.1948311736480974     
   4.5699998978525400        1.1972110383945833     
   4.5799998976290226        1.1995914312039713     
   4.5899998974055052        1.2019730348355009     
   4.5999998971819878        1.2043544691257155     
   4.6099998969584703        1.2067364868079393     
   4.6199998967349529        1.2091189533261970     
   4.6299998965114355        1.2115019305714110     
   4.6399998962879181        1.2138854171096458     
   4.6499998960644007        1.2162687406467476     
   4.6599998958408833        1.2186532337546623     
   4.6699998956173658        1.2210382241523641     
   4.6799998953938484        1.2234237098374441     
   4.6899998951703310        1.2258096854400147     
   4.6999998949468136        1.2281961488367246     
   4.7099998947232962        1.2305830968641991     
   4.7199998944997787        1.2329705263996960     
   4.7299998942762613        1.2353584343142980     
   4.7399998940527439        1.2377468175360882     
   4.7499998938292265        1.2401356730117017     
   4.7599998936057091        1.2425249967142702     
   4.7699998933821917        1.2449147876319222     
   4.7799998931586742        1.2473050418492777     
   4.7899998929351568        1.2496957781399933     
   4.7999998927116394        1.2520869499409331     
   4.8099998924881220        1.2544785762248840     
   4.8199998922646046        1.2568706579053284     
   4.8299998920410872        1.2592631847030935     
   4.8399998918175697        1.2616561574403085     
   4.8499998915940523        1.2640495739671138     
   4.8599998913705349        1.2664434302116063     
   4.8699998911470175        1.2688377240695625     
   4.8799998909235001        1.2712313335396921     
   4.8899998906999826        1.2736264933480055     
   4.8999998904764652        1.2760232043144097     
   4.9099998902529478        1.2784192215709542     
   4.9199998900294304        1.2808156630285932     
   4.9299998898059130        1.2832125259123519     
   4.9399998895823956        1.2856098079958269     
   4.9499998893588781        1.2880047486943726     
   4.9599998891353607        1.2904056187982778     
   4.9699998889118433        1.2928041424774701     
   4.9799998886883259        1.2952030749910846     
   4.9899998884648085        1.2976024159133015     
   4.9999998882412910        1.3000021586538448     
