   1.0000000000000000       0.30980225962552671     
 -0.78947368421052633       0.12483711061720135     
 -0.68421052631578949      -0.17985446728246207     
 -0.57894736842105265      -0.52177526058029600     
 -0.47368421052631582      -0.77854695960440090     
 -0.36842105263157898      -0.83421234128887434     
 -0.26315789473684215      -0.63260499163698602     
 -0.15789473684210531      -0.21159708725637058     
  -5.2631578947368474E-002  0.30197114265219588     
   5.2631578947368363E-002  0.73854553463897854     
  0.15789473684210531       0.95384215970721764     
  0.26315789473684204       0.88695145830323308     
  0.36842105263157898       0.58137497429435725     
  0.47368421052631571       0.16059918612361412     
  0.57894736842105265      -0.22765439889954614     
  0.68421052631578938      -0.47053013850849978     
  0.78947368421052633      -0.52610734097026612     
  0.89473684210526305      -0.42454349264333968     
   1.0000000000000000      -0.24046204996858370     
   1.1052631578947367       -5.4530284945379905E-002


  -1.0000000000000000       0.90781468297681001     
 -0.98437500000000000       0.74901898794441557     
 -0.96875000000000000       0.57694206133148596     
 -0.95312500000000000       0.39627738367438636     
 -0.93750000000000000       0.21199530107870995     
 -0.92187500000000000        2.9215135564493611E-002
 -0.90625000000000000      -0.14693041532140985     
 -0.89062500000000000      -0.31143573937175045     
 -0.87500000000000000      -0.45956454575622602     
 -0.85937500000000000      -0.58699057083136685     
 -0.84375000000000000      -0.68993324909937292     
 -0.82812500000000000      -0.76528467677098810     
 -0.81250000000000000      -0.81072407377429390     
 -0.79687500000000000      -0.82481589385654963     
 -0.78125000000000000      -0.80708776389352499     
 -0.76562500000000000      -0.75808457655694828     
 -0.75000000000000000      -0.67939533875625979     
 -0.73437500000000000      -0.57364981293235606     
 -0.71875000000000000      -0.44448259556816067     
 -0.70312500000000000      -0.29646306602019618     
 -0.68750000000000000      -0.13499060810076552     
 -0.67187500000000000        3.3844355713937992E-002
 -0.65625000000000000       0.20343169739539363     
 -0.64062500000000000       0.36684207968869614     
 -0.62500000000000000       0.51705197560498584     
 -0.60937500000000000       0.64718714693730950     
 -0.59375000000000000       0.75077717852130132     
 -0.57812500000000000       0.82201248990383413     
 -0.56250000000000000       0.85599431600505527     
 -0.54687500000000000       0.84896754107699690     
 -0.53125000000000000       0.79852605524849674     
 -0.51562500000000000       0.70378053602256962     
 -0.50000000000000000       0.56547927542438448     
 -0.48437500000000000       0.38607389127280028     
 -0.46875000000000000       0.16972346619440645     
 -0.45312500000000000       -7.7767189733599751E-002
 -0.43750000000000000      -0.34907692616844521     
 -0.42187500000000000      -0.63556424966810088     
 -0.40625000000000000      -0.92752591450007960     
 -0.39062500000000000       -1.2145110891921755     
 -0.37500000000000000       -1.4856812044658199     
 -0.35937500000000000       -1.7302029912116061     
 -0.34375000000000000       -1.9376600495759193     
 -0.32812500000000000       -2.0984666885029468     
 -0.31250000000000000       -2.2042668535332162     
 -0.29687500000000000       -2.2483008035561123     
 -0.28125000000000000       -2.2257228522322245     
 -0.26562500000000000       -2.1338549634002431     
 -0.25000000000000000       -1.9723632448050610     
 -0.23437500000000000       -1.7433473402806949     
 -0.21875000000000000       -1.4513362556961868     
 -0.20312500000000000       -1.1031881116703040     
 -0.18750000000000000      -0.70789551157343167     
 -0.17187500000000000      -0.27630244361665435     
 -0.15625000000000000       0.17925730961247316     
 -0.14062500000000000       0.64538660828393168     
 -0.12500000000000000        1.1080994932424963     
 -0.10937500000000000        1.5533247150496525     
  -9.3750000000000000E-002   1.9674176443289755     
  -7.8125000000000000E-002   2.3376594005410012     
  -6.2500000000000000E-002   2.6527224649444765     
  -4.6875000000000000E-002   2.9030834372483696     
  -3.1250000000000000E-002   3.0813658873859291     
  -1.5625000000000000E-002   3.1825993303569327     
   0.0000000000000000        3.2043840593696240     
   1.5625000000000000E-002   3.1469557252596823     
   3.1250000000000000E-002   3.0131479420514888     
   4.6875000000000000E-002   2.8082556138004136     
   6.2500000000000000E-002   2.5398059032503357     
   7.8125000000000000E-002   2.2172475991396987     
   9.3750000000000000E-002   1.8515729114910597     
  0.10937500000000000        1.4548882915162529     
  0.12500000000000000        1.0399526333383673     
  0.14062500000000000       0.61970211100130923     
  0.15625000000000000       0.20678092397556727     
  0.17187500000000000      -0.18690360059164324     
  0.18750000000000000      -0.55058469813340116     
  0.20312500000000000      -0.87498406209342849     
  0.21875000000000000       -1.1525921529437673     
  0.23437500000000000       -1.3778723053478534     
  0.25000000000000000       -1.5473834133700024     
  0.26562500000000000       -1.6598194267109174     
  0.28125000000000000       -1.7159672483715229     
  0.29687500000000000       -1.7185877478080469     
  0.31250000000000000       -1.6722273764431332     
  0.32812500000000000       -1.5829702022598362     
  0.34375000000000000       -1.4581420022544211     
  0.35937500000000000       -1.3059793285154768     
  0.37500000000000000       -1.1352771848266976     
  0.39062500000000000      -0.95502912906287063     
  0.40625000000000000      -0.77407328573340772     
  0.42187500000000000      -0.60075696248569488     
  0.43750000000000000      -0.44263137563253746     
  0.45312500000000000      -0.30618647166529900     
  0.46875000000000000      -0.19663405660989888     
  0.48437500000000000      -0.11774548552809619     
  0.50000000000000000       -7.1748090673910261E-002
  0.51562500000000000       -5.9282404929291856E-002
  0.53125000000000000       -7.9420128282322852E-002
  0.54687500000000000      -0.12974074505671807     
  0.56250000000000000      -0.20646277896642773     
  0.57812500000000000      -0.30462391773320002     
  0.59375000000000000      -0.41830269060118386     
  0.60937500000000000      -0.54087307833579024     
  0.62500000000000000      -0.66528241004757693     
  0.64062500000000000      -0.78434218401130462     
  0.65625000000000000      -0.89102106502161060     
  0.67187500000000000      -0.97872927684054412     
  0.68750000000000000       -1.0415839351122513     
  0.70312500000000000       -1.0746455542527293     
  0.71875000000000000       -1.0741170004501133     
  0.73437500000000000       -1.0374975285055990     
  0.75000000000000000      -0.96368619568744851     
  0.76562500000000000      -0.85303084017074471     
  0.78125000000000000      -0.70732088100792667     
  0.79687500000000000      -0.52972436545028700     
  0.81250000000000000      -0.32467187342363935     
  0.82812500000000000       -9.7691998158144500E-002
  0.84375000000000000       0.14479493487228179     
  0.85937500000000000       0.39571655942799655     
  0.87500000000000000       0.64761186396995185     
  0.89062500000000000       0.89290763065162748     
  0.90625000000000000        1.1241967546317799     
  0.92187500000000000        1.3345072587714482     
  0.93750000000000000        1.5175512849182331     
  0.95312500000000000        1.6679442798451762     
  0.96875000000000000        1.7813859605835503     
  0.98437500000000000        1.8547963773392415     
   1.0000000000000000        1.8864024102831376     
