   0.00000000       0.00000000       1.00000000    
   4.37499993E-02   4.37499993E-02  0.999042988    
   6.56249970E-02   6.55936003E-02  0.997846901    
   9.61863771E-02   9.60585400E-02  0.995376289    
  0.133862689      0.133492470      0.991050661    
  0.176830903      0.175952926      0.984399855    
  0.223528504      0.221730188      0.975109994    
  0.272802502      0.269508570      0.963000715    
  0.323879331      0.318344057      0.947978914    
  0.376279771      0.367581517      0.929996014    
  0.429734528      0.416769058      0.909018397    
  0.484118730      0.465588957      0.885008454    
  0.539406478      0.513807535      0.857914448    
  0.595641673      0.561240077      0.827663839    
  0.652920723      0.607727170      0.794158816    
  0.711384356      0.653117955      0.757271647    
  0.771215737      0.697257578      0.716839314    
  0.832644165      0.739976346      0.672655344    
  0.895954967      0.781079710      0.624458790    
  0.959961057      0.819448888      0.573185802    
   1.02354050      0.854235530      0.519927144    
   1.08610034      0.885090411      0.465468943    
   1.14739072      0.911956787      0.410347104    
   1.20736659      0.934927464      0.354913712    
   1.26609445      0.954158545      0.299395353    
   1.32369626      0.969821334      0.243937418    
   1.38031638      0.982078552      0.188635051    
   1.43610382      0.991073787      0.133553848    
   1.49120378      0.996928155       7.87429139E-02
   1.54575408      0.999740303       2.42430959E-02
   1.59988368      0.999587953      -2.99079977E-02
   1.65371418      0.996529698      -8.36729780E-02
   1.70736063      0.990606964     -0.137012839    
   1.76093340      0.981845260     -0.189885750    
   1.81453991      0.970255375     -0.242246270    
   1.86828685      0.955833972     -0.294044644    
   1.92228186      0.938563704     -0.345226228    
   1.97663546      0.918412983     -0.395730644    
   2.03146386      0.895335257     -0.445490986    
   2.08689117      0.869267642     -0.494432569    
   2.14305210      0.840129018     -0.542471707    
   2.20009613      0.807817221     -0.589513600    
   2.25819278      0.772205293     -0.635450065    
   2.31753564      0.733136117     -0.680156112    
   2.37835288      0.690415025     -0.723485589    
   2.44091702      0.643799603     -0.765264809    
   2.50480938      0.593590856     -0.804836750    
   2.56864429      0.541004896     -0.841088712    
   2.63164401      0.486942917     -0.873502731    
   2.69344282      0.432031572     -0.901927233    
   2.75392842      0.376687706     -0.926409066    
   2.81313157      0.321181297     -0.947086632    
   2.87115693      0.265685380     -0.964128911    
   2.92814326      0.210311934     -0.977703869    
   2.98423862      0.155136347     -0.987963140    
   3.03959060      0.100213028     -0.995036721    
   3.09433985       4.55853418E-02 -0.999032021    
   3.14861870      -8.70825350E-03  -1.00003469    
   3.20255184      -6.26305416E-02 -0.998110592    
   3.25625634     -0.116143301     -0.993307650    
   3.30984449     -0.169205934     -0.985657573    
   3.36342430     -0.221774474     -0.975176692    
   3.41710281     -0.273800969     -0.961867273    
   3.47098684     -0.325232714     -0.945717394    
   3.52518559     -0.376011729     -0.926701128    
   3.57981277     -0.426073760     -0.904778004    
   3.63498878     -0.475347340     -0.879891634    
   3.69084406     -0.523752511     -0.851968408    
   3.74752212     -0.571199059     -0.820914745    
   3.80518341     -0.617584467     -0.786614001    
   3.86401129     -0.662790716     -0.748921633    
   3.92421961     -0.706680596     -0.707658768    
   3.98606133     -0.749092162     -0.662603199    
   4.04984379     -0.789830923     -0.613476455    
   4.11395168     -0.827536523     -0.561581492    
   4.17741776     -0.861511350     -0.507929862    
   4.23975515     -0.891500473     -0.453238606    
   4.30078030     -0.917499423     -0.397990614    
   4.36048651     -0.939626634     -0.342500776    
   4.41896152     -0.958047807     -0.286970854    
   4.47633648     -0.972935855     -0.231530473    
   4.53276014     -0.984450936     -0.176265195    
   4.58838272     -0.992732406     -0.121234968    
   4.64334822     -0.997896492      -6.64858371E-02
   4.69779301      -1.00003731      -1.20571470E-02
   4.75184441     -0.999228179       4.20140214E-02
   4.80562258     -0.995523751       9.56902206E-02
   4.85924196     -0.988961875      0.148931995    
   4.91281176     -0.979564548      0.201696843    
   4.96643972     -0.967339456      0.253938466    
   5.02023125     -0.952280104      0.305606097    
   5.07429600     -0.934365988      0.356643856    
   5.12874413     -0.913562238      0.406990021    
   5.18369436     -0.889818788      0.456576049    
   5.23927259     -0.863068819      0.505325377    
   5.29561663     -0.833226800      0.553152025    
   5.35288000     -0.800185323      0.599958420    
   5.41123676     -0.763811290      0.645632923    
   5.47088766     -0.723939836      0.690046310    
   5.53206921     -0.680366635      0.733046710    
   5.59506655     -0.632836640      0.774453342    
   5.65902567     -0.582009017      0.813344896    
   5.72271204     -0.529029548      0.848761618    
   5.78545570     -0.474733770      0.880284190    
   5.84695864     -0.419696122      0.907816708    
   5.90714645     -0.364296049      0.931433082    
   5.96607208     -0.308778316      0.951282382    
   6.02384996     -0.253299892      0.967535138    
   6.08062172     -0.197963014      0.980356216    
   6.13653660     -0.142837331      0.989892721    
   6.19174004      -8.79741535E-02  0.996269524    
   6.24637127      -3.34153958E-02  0.999588966    
   6.30056095       2.08009947E-02  0.999932051    
   6.35443115       7.46377185E-02  0.997360587    
   6.40809870      0.128056094      0.991918683    
   6.46167421      0.181014851      0.983634412    
   6.51526594      0.233469173      0.972521067    
   6.56897926      0.285370111      0.958577633    
   6.62292290      0.336663812      0.941789150    
   6.67720604      0.387290984      0.922126412    
   6.73194361      0.437185884      0.899545550    
   6.78725815      0.486275226      0.873986542    
   6.84328318      0.534476936      0.845371485    
   6.90016460      0.581698298      0.813601971    
   6.95806837      0.627833605      0.778555632    
   7.00000000      0.659927905      0.751545012    
